timestamp,equity,cash,positions_value
2025-04-30 15:50:47.704672,100000.0,100000.0,0.0
2024-03-26 13:30:00.000000,100000.0,100000.0,0.0
2024-03-26 13:30:00.000000,100000.0,100000.0,0.0
2024-03-26 13:30:00.000000,100000.0,100000.0,0.0
2024-03-26 13:30:00.000000,100000.0,100000.0,0.0
2024-03-26 13:30:00.000000,100000.0,100000.0,0.0
2024-03-26 13:30:00.000000,100000.0,100000.0,0.0
2024-03-26 13:31:00.000000,100000.0,100000.0,0.0
2024-03-26 13:31:00.000000,100000.0,100000.0,0.0
2024-03-26 13:31:00.000000,100000.0,100000.0,0.0
2024-03-26 13:31:00.000000,100000.0,100000.0,0.0
2024-03-26 13:31:00.000000,100000.0,100000.0,0.0
2024-03-26 13:31:00.000000,100000.0,100000.0,0.0
2024-03-26 13:32:00.000000,100000.0,100000.0,0.0
2024-03-26 13:32:00.000000,100000.0,100000.0,0.0
2024-03-26 13:32:00.000000,100000.0,100000.0,0.0
2024-03-26 13:32:00.000000,100000.0,100000.0,0.0
2024-03-26 13:32:00.000000,100000.0,100000.0,0.0
2024-03-26 13:32:00.000000,100000.0,100000.0,0.0
2024-03-26 13:33:00.000000,100000.0,100000.0,0.0
2024-03-26 13:33:00.000000,100000.0,100000.0,0.0
2024-03-26 13:33:00.000000,100000.0,100000.0,0.0
2024-03-26 13:33:00.000000,100000.0,100000.0,0.0
2024-03-26 13:33:00.000000,100000.0,100000.0,0.0
2024-03-26 13:33:00.000000,100000.0,100000.0,0.0
2024-03-26 13:34:00.000000,100000.0,100000.0,0.0
2024-03-26 13:34:00.000000,100000.0,100000.0,0.0
2024-03-26 13:34:00.000000,100000.0,100000.0,0.0
2024-03-26 13:34:00.000000,100000.0,100000.0,0.0
2024-03-26 13:34:00.000000,100000.0,100000.0,0.0
2024-03-26 13:34:00.000000,100000.0,100000.0,0.0
2024-03-26 13:35:00.000000,100000.0,100000.0,0.0
2024-03-26 13:35:00.000000,100000.0,100000.0,0.0
2024-03-26 13:35:00.000000,100000.0,100000.0,0.0
2024-03-26 13:35:00.000000,100000.0,100000.0,0.0
2024-03-26 13:35:00.000000,100000.0,100000.0,0.0
2024-03-26 13:35:00.000000,100000.0,100000.0,0.0
2024-03-26 13:36:00.000000,100000.0,100000.0,0.0
2024-03-26 13:36:00.000000,100000.0,100000.0,0.0
2024-03-26 13:36:00.000000,100000.0,100000.0,0.0
2024-03-26 13:36:00.000000,100000.0,100000.0,0.0
2024-03-26 13:36:00.000000,100000.0,100000.0,0.0
2024-03-26 13:36:00.000000,100000.0,100000.0,0.0
2024-03-26 13:37:00.000000,100000.0,100000.0,0.0
2024-03-26 13:37:00.000000,100000.0,100000.0,0.0
2024-03-26 13:37:00.000000,100000.0,100000.0,0.0
2024-03-26 13:37:00.000000,100000.0,100000.0,0.0
2024-03-26 13:37:00.000000,100000.0,100000.0,0.0
2024-03-26 13:37:00.000000,100000.0,100000.0,0.0
2024-03-26 13:38:00.000000,100000.0,100000.0,0.0
2024-03-26 13:38:00.000000,100000.0,100000.0,0.0
2024-03-26 13:38:00.000000,100000.0,100000.0,0.0
2024-03-26 13:38:00.000000,100000.0,100000.0,0.0
2024-03-26 13:38:00.000000,100000.0,100000.0,0.0
2024-03-26 13:38:00.000000,100000.0,100000.0,0.0
2024-03-26 13:39:00.000000,100000.0,100000.0,0.0
2024-03-26 13:39:00.000000,100000.0,100000.0,0.0
2024-03-26 13:39:00.000000,100000.0,100000.0,0.0
2024-03-26 13:39:00.000000,100000.0,100000.0,0.0
2024-03-26 13:39:00.000000,100000.0,100000.0,0.0
2024-03-26 13:39:00.000000,100000.0,100000.0,0.0
2024-03-26 13:40:00.000000,100000.0,100000.0,0.0
2024-03-26 13:40:00.000000,100000.0,100000.0,0.0
2024-03-26 13:40:00.000000,100000.0,100000.0,0.0
2024-03-26 13:40:00.000000,100000.0,100000.0,0.0
2024-03-26 13:40:00.000000,100000.0,100000.0,0.0
2024-03-26 13:40:00.000000,100000.0,100000.0,0.0
2024-03-26 13:41:00.000000,100000.0,100000.0,0.0
2024-03-26 13:41:00.000000,100000.0,100000.0,0.0
2024-03-26 13:41:00.000000,100000.0,100000.0,0.0
2024-03-26 13:41:00.000000,100000.0,100000.0,0.0
2024-03-26 13:41:00.000000,100000.0,100000.0,0.0
2024-03-26 13:41:00.000000,100000.0,100000.0,0.0
2024-03-26 13:42:00.000000,100000.0,100000.0,0.0
2024-03-26 13:42:00.000000,100000.0,100000.0,0.0
2024-03-26 13:42:00.000000,100000.0,100000.0,0.0
2024-03-26 13:42:00.000000,100000.0,100000.0,0.0
2024-03-26 13:42:00.000000,100000.0,100000.0,0.0
2024-03-26 13:42:00.000000,100000.0,100000.0,0.0
2024-03-26 13:43:00.000000,100000.0,100000.0,0.0
2024-03-26 13:43:00.000000,100000.0,100000.0,0.0
2024-03-26 13:43:00.000000,100000.0,100000.0,0.0
2024-03-26 13:43:00.000000,100000.0,100000.0,0.0
2024-03-26 13:43:00.000000,99980.188869385,90079.573869385,9900.615000000005
2024-03-26 13:43:00.000000,99980.188869385,90079.573869385,9900.615000000005
2024-03-26 13:44:00.000000,99981.518869385,90079.573869385,9901.945000000007
2024-03-26 13:44:00.000000,99981.518869385,90079.573869385,9901.945000000007
2024-03-26 13:44:00.000000,99981.518869385,90079.573869385,9901.945000000007
2024-03-26 13:44:00.000000,99981.518869385,90079.573869385,9901.945000000007
2024-03-26 13:44:00.000000,99981.518869385,90079.573869385,9901.945000000007
2024-03-26 13:44:00.000000,99981.518869385,90079.573869385,9901.945000000007
2024-03-26 13:45:00.000000,99979.827869385,90079.573869385,9900.254
2024-03-26 13:45:00.000000,99979.827869385,90079.573869385,9900.254
2024-03-26 13:45:00.000000,99979.827869385,90079.573869385,9900.254
2024-03-26 13:45:00.000000,99979.827869385,90079.573869385,9900.254
2024-03-26 13:45:00.000000,99979.827869385,90079.573869385,9900.254
2024-03-26 13:45:00.000000,99979.827869385,90079.573869385,9900.254
2024-03-26 13:46:00.000000,99980.663869385,90079.573869385,9901.089999999997
2024-03-26 13:46:00.000000,99980.663869385,90079.573869385,9901.089999999997
2024-03-26 13:46:00.000000,99980.663869385,90079.573869385,9901.089999999997
2024-03-26 13:46:00.000000,99980.663869385,90079.573869385,9901.089999999997
2024-03-26 13:46:00.000000,99980.663869385,90079.573869385,9901.089999999997
2024-03-26 13:46:00.000000,99980.663869385,90079.573869385,9901.089999999997
2024-03-26 13:47:00.000000,99980.283869385,90079.573869385,9900.710000000006
2024-03-26 13:47:00.000000,99980.283869385,90079.573869385,9900.710000000006
2024-03-26 13:47:00.000000,99980.283869385,90079.573869385,9900.710000000006
2024-03-26 13:47:00.000000,99980.283869385,90079.573869385,9900.710000000006
2024-03-26 13:47:00.000000,99960.49235009501,99960.49235009501,0.0
2024-03-26 13:47:00.000000,99960.49235009501,99960.49235009501,0.0
2024-03-26 13:48:00.000000,99960.49235009501,99960.49235009501,0.0
2024-03-26 13:48:00.000000,99940.677987865,90038.447987865,9902.229999999996
2024-03-26 13:48:00.000000,99940.677987865,90038.447987865,9902.229999999996
2024-03-26 13:48:00.000000,99940.677987865,90038.447987865,9902.229999999996
2024-03-26 13:48:00.000000,99940.677987865,90038.447987865,9902.229999999996
2024-03-26 13:48:00.000000,99940.677987865,90038.447987865,9902.229999999996
2024-03-26 13:49:00.000000,99941.057987865,90038.447987865,9902.61
2024-03-26 13:49:00.000000,99941.057987865,90038.447987865,9902.61
2024-03-26 13:49:00.000000,99941.057987865,90038.447987865,9902.61
2024-03-26 13:49:00.000000,99941.057987865,90038.447987865,9902.61
2024-03-26 13:49:00.000000,99941.057987865,90038.447987865,9902.61
2024-03-26 13:49:00.000000,99941.057987865,90038.447987865,9902.61
2024-03-26 13:50:00.000000,99941.53298786501,90038.447987865,9903.085000000006
2024-03-26 13:50:00.000000,99941.53298786501,90038.447987865,9903.085000000006
2024-03-26 13:50:00.000000,99941.53298786501,90038.447987865,9903.085000000006
2024-03-26 13:50:00.000000,99941.53298786501,90038.447987865,9903.085000000006
2024-03-26 13:50:00.000000,99941.53298786501,90038.447987865,9903.085000000006
2024-03-26 13:50:00.000000,99941.53298786501,90038.447987865,9903.085000000006
2024-03-26 13:51:00.000000,99938.967987865,90038.447987865,9900.520000000004
2024-03-26 13:51:00.000000,99938.967987865,90038.447987865,9900.520000000004
2024-03-26 13:51:00.000000,99938.967987865,90038.447987865,9900.520000000004
2024-03-26 13:51:00.000000,99938.967987865,90038.447987865,9900.520000000004
2024-03-26 13:51:00.000000,99919.17684838502,99919.17684838502,0.0
2024-03-26 13:51:00.000000,99919.17684838502,99919.17684838502,0.0
2024-03-26 13:52:00.000000,99919.17684838502,99919.17684838502,0.0
2024-03-26 13:52:00.000000,99919.17684838502,99919.17684838502,0.0
2024-03-26 13:52:00.000000,99919.17684838502,99919.17684838502,0.0
2024-03-26 13:52:00.000000,99919.17684838502,99919.17684838502,0.0
2024-03-26 13:52:00.000000,99919.17684838502,99919.17684838502,0.0
2024-03-26 13:52:00.000000,99919.17684838502,99919.17684838502,0.0
2024-03-26 13:53:00.000000,99919.17684838502,99919.17684838502,0.0
2024-03-26 13:53:00.000000,99919.17684838502,99919.17684838502,0.0
2024-03-26 13:53:00.000000,99919.17684838502,99919.17684838502,0.0
2024-03-26 13:53:00.000000,99919.17684838502,99919.17684838502,0.0
2024-03-26 13:53:00.000000,99919.17684838502,99919.17684838502,0.0
2024-03-26 13:53:00.000000,99919.17684838502,99919.17684838502,0.0
2024-03-26 13:54:00.000000,99919.17684838502,99919.17684838502,0.0
2024-03-26 13:54:00.000000,99919.17684838502,99919.17684838502,0.0
2024-03-26 13:54:00.000000,99919.17684838502,99919.17684838502,0.0
2024-03-26 13:54:00.000000,99919.17684838502,99919.17684838502,0.0
2024-03-26 13:54:00.000000,99919.17684838502,99919.17684838502,0.0
2024-03-26 13:54:00.000000,99919.17684838502,99919.17684838502,0.0
2024-03-26 13:55:00.000000,99919.17684838502,99919.17684838502,0.0
2024-03-26 13:55:00.000000,99919.17684838502,99919.17684838502,0.0
2024-03-26 13:55:00.000000,99919.17684838502,99919.17684838502,0.0
2024-03-26 13:55:00.000000,99919.17684838502,99919.17684838502,0.0
2024-03-26 13:55:00.000000,99919.17684838502,99919.17684838502,0.0
2024-03-26 13:55:00.000000,99919.17684838502,99919.17684838502,0.0
2024-03-26 13:56:00.000000,99919.17684838502,99919.17684838502,0.0
2024-03-26 13:56:00.000000,99899.36343663002,89997.60843663002,9901.755000000005
2024-03-26 13:56:00.000000,99899.36343663002,89997.60843663002,9901.755000000005
2024-03-26 13:56:00.000000,99899.36343663002,89997.60843663002,9901.755000000005
2024-03-26 13:56:00.000000,99899.36343663002,89997.60843663002,9901.755000000005
2024-03-26 13:56:00.000000,99899.36343663002,89997.60843663002,9901.755000000005
2024-03-26 13:57:00.000000,99898.98343663002,89997.60843663002,9901.375
2024-03-26 13:57:00.000000,99898.98343663002,89997.60843663002,9901.375
2024-03-26 13:57:00.000000,99898.98343663002,89997.60843663002,9901.375
2024-03-26 13:57:00.000000,99898.98343663002,89997.60843663002,9901.375
2024-03-26 13:57:00.000000,99898.98343663002,89997.60843663002,9901.375
2024-03-26 13:57:00.000000,99898.98343663002,89997.60843663002,9901.375
2024-03-26 13:58:00.000000,99899.26843663002,89997.60843663002,9901.660000000003
2024-03-26 13:58:00.000000,99899.26843663002,89997.60843663002,9901.660000000003
2024-03-26 13:58:00.000000,99899.26843663002,89997.60843663002,9901.660000000003
2024-03-26 13:58:00.000000,99899.26843663002,89997.60843663002,9901.660000000003
2024-03-26 13:58:00.000000,99899.26843663002,89997.60843663002,9901.660000000003
2024-03-26 13:58:00.000000,99899.26843663002,89997.60843663002,9901.660000000003
2024-03-26 13:59:00.000000,99901.35843663002,89997.60843663002,9903.75
2024-03-26 13:59:00.000000,99901.35843663002,89997.60843663002,9903.75
2024-03-26 13:59:00.000000,99901.35843663002,89997.60843663002,9903.75
2024-03-26 13:59:00.000000,99901.35843663002,89997.60843663002,9903.75
2024-03-26 13:59:00.000000,99901.35843663002,89997.60843663002,9903.75
2024-03-26 13:59:00.000000,99901.35843663002,89997.60843663002,9903.75
2024-03-26 14:00:00.000000,99903.25843663001,89997.60843663002,9905.649999999994
2024-03-26 14:00:00.000000,99903.25843663001,89997.60843663002,9905.649999999994
2024-03-26 14:00:00.000000,99903.25843663001,89997.60843663002,9905.649999999994
2024-03-26 14:00:00.000000,99903.25843663001,89997.60843663002,9905.649999999994
2024-03-26 14:00:00.000000,99903.25843663001,89997.60843663002,9905.649999999994
2024-03-26 14:00:00.000000,99903.25843663001,89997.60843663002,9905.649999999994
2024-03-26 14:01:00.000000,99901.93033663002,89997.60843663002,9904.321899999995
2024-03-26 14:01:00.000000,99901.93033663002,89997.60843663002,9904.321899999995
2024-03-26 14:01:00.000000,99901.93033663002,89997.60843663002,9904.321899999995
2024-03-26 14:01:00.000000,99901.93033663002,89997.60843663002,9904.321899999995
2024-03-26 14:01:00.000000,99901.93033663002,89997.60843663002,9904.321899999995
2024-03-26 14:01:00.000000,99901.93033663002,89997.60843663002,9904.321899999995
2024-03-26 14:02:00.000000,99902.11843663001,89997.60843663002,9904.509999999995
2024-03-26 14:02:00.000000,99902.11843663001,89997.60843663002,9904.509999999995
2024-03-26 14:02:00.000000,99902.11843663001,89997.60843663002,9904.509999999995
2024-03-26 14:02:00.000000,99902.11843663001,89997.60843663002,9904.509999999995
2024-03-26 14:02:00.000000,99902.11843663001,89997.60843663002,9904.509999999995
2024-03-26 14:02:00.000000,99902.11843663001,89997.60843663002,9904.509999999995
2024-03-26 14:03:00.000000,99901.35843663002,89997.60843663002,9903.75
2024-03-26 14:03:00.000000,99881.56084038003,99881.56084038003,0.0
2024-03-26 14:03:00.000000,99881.56084038003,99881.56084038003,0.0
2024-03-26 14:03:00.000000,99881.56084038003,99881.56084038003,0.0
2024-03-26 14:03:00.000000,99881.56084038003,99881.56084038003,0.0
2024-03-26 14:03:00.000000,99881.56084038003,99881.56084038003,0.0
2024-03-26 14:04:00.000000,99881.56084038003,99881.56084038003,0.0
2024-03-26 14:04:00.000000,99881.56084038003,99881.56084038003,0.0
2024-03-26 14:04:00.000000,99881.56084038003,99881.56084038003,0.0
2024-03-26 14:04:00.000000,99881.56084038003,99881.56084038003,0.0
2024-03-26 14:04:00.000000,99881.56084038003,99881.56084038003,0.0
2024-03-26 14:04:00.000000,99881.56084038003,99881.56084038003,0.0
2024-03-26 14:05:00.000000,99881.56084038003,99881.56084038003,0.0
2024-03-26 14:05:00.000000,99861.74115549002,89956.85115549002,9904.89
2024-03-26 14:05:00.000000,99861.74115549002,89956.85115549002,9904.89
2024-03-26 14:05:00.000000,99861.74115549002,89956.85115549002,9904.89
2024-03-26 14:05:00.000000,99861.74115549002,89956.85115549002,9904.89
2024-03-26 14:05:00.000000,99861.74115549002,89956.85115549002,9904.89
2024-03-26 14:06:00.000000,99861.55115549001,89956.85115549002,9904.699999999997
2024-03-26 14:06:00.000000,99861.55115549001,89956.85115549002,9904.699999999997
2024-03-26 14:06:00.000000,99861.55115549001,89956.85115549002,9904.699999999997
2024-03-26 14:06:00.000000,99861.55115549001,89956.85115549002,9904.699999999997
2024-03-26 14:06:00.000000,99861.55115549001,89956.85115549002,9904.699999999997
2024-03-26 14:06:00.000000,99861.55115549001,89956.85115549002,9904.699999999997
2024-03-26 14:07:00.000000,99864.02115549002,89956.85115549002,9907.169999999998
2024-03-26 14:07:00.000000,99864.02115549002,89956.85115549002,9907.169999999998
2024-03-26 14:07:00.000000,99864.02115549002,89956.85115549002,9907.169999999998
2024-03-26 14:07:00.000000,99864.02115549002,89956.85115549002,9907.169999999998
2024-03-26 14:07:00.000000,99864.02115549002,89956.85115549002,9907.169999999998
2024-03-26 14:07:00.000000,99864.02115549002,89956.85115549002,9907.169999999998
2024-03-26 14:08:00.000000,99863.07115549002,89956.85115549002,9906.220000000001
2024-03-26 14:08:00.000000,99863.07115549002,89956.85115549002,9906.220000000001
2024-03-26 14:08:00.000000,99863.07115549002,89956.85115549002,9906.220000000001
2024-03-26 14:08:00.000000,99863.07115549002,89956.85115549002,9906.220000000001
2024-03-26 14:08:00.000000,99863.07115549002,89956.85115549002,9906.220000000001
2024-03-26 14:08:00.000000,99863.07115549002,89956.85115549002,9906.220000000001
2024-03-26 14:09:00.000000,99861.55115549001,89956.85115549002,9904.699999999997
2024-03-26 14:09:00.000000,99861.55115549001,89956.85115549002,9904.699999999997
2024-03-26 14:09:00.000000,99861.55115549001,89956.85115549002,9904.699999999997
2024-03-26 14:09:00.000000,99861.55115549001,89956.85115549002,9904.699999999997
2024-03-26 14:09:00.000000,99841.75166019001,99841.75166019001,0.0
2024-03-26 14:09:00.000000,99841.75166019001,99841.75166019001,0.0
2024-03-26 14:10:00.000000,99841.75166019001,99841.75166019001,0.0
2024-03-26 14:10:00.000000,99841.75166019001,99841.75166019001,0.0
2024-03-26 14:10:00.000000,99841.75166019001,99841.75166019001,0.0
2024-03-26 14:10:00.000000,99841.75166019001,99841.75166019001,0.0
2024-03-26 14:10:00.000000,99841.75166019001,99841.75166019001,0.0
2024-03-26 14:10:00.000000,99841.75166019001,99841.75166019001,0.0
2024-03-26 14:11:00.000000,99841.75166019001,99841.75166019001,0.0
2024-03-26 14:11:00.000000,99841.75166019001,99841.75166019001,0.0
2024-03-26 14:11:00.000000,99841.75166019001,99841.75166019001,0.0
2024-03-26 14:11:00.000000,99841.75166019001,99841.75166019001,0.0
2024-03-26 14:11:00.000000,99841.75166019001,99841.75166019001,0.0
2024-03-26 14:11:00.000000,99841.75166019001,99841.75166019001,0.0
2024-03-26 14:12:00.000000,99841.75166019001,99841.75166019001,0.0
2024-03-26 14:12:00.000000,99841.75166019001,99841.75166019001,0.0
2024-03-26 14:12:00.000000,99841.75166019001,99841.75166019001,0.0
2024-03-26 14:12:00.000000,99841.75166019001,99841.75166019001,0.0
2024-03-26 14:12:00.000000,99841.75166019001,99841.75166019001,0.0
2024-03-26 14:12:00.000000,99841.75166019001,99841.75166019001,0.0
2024-03-26 14:13:00.000000,99841.75166019001,99841.75166019001,0.0
2024-03-26 14:13:00.000000,99821.93235168811,89917.23045168811,9904.7019
2024-03-26 14:13:00.000000,99821.93235168811,89917.23045168811,9904.7019
2024-03-26 14:13:00.000000,99821.93235168811,89917.23045168811,9904.7019
2024-03-26 14:13:00.000000,99821.93235168811,89917.23045168811,9904.7019
2024-03-26 14:13:00.000000,99821.93235168811,89917.23045168811,9904.7019
2024-03-26 14:14:00.000000,99822.50045168812,89917.23045168811,9905.270000000004
2024-03-26 14:14:00.000000,99822.50045168812,89917.23045168811,9905.270000000004
2024-03-26 14:14:00.000000,99822.50045168812,89917.23045168811,9905.270000000004
2024-03-26 14:14:00.000000,99822.50045168812,89917.23045168811,9905.270000000004
2024-03-26 14:14:00.000000,99822.50045168812,89917.23045168811,9905.270000000004
2024-03-26 14:14:00.000000,99822.50045168812,89917.23045168811,9905.270000000004
2024-03-26 14:15:00.000000,99821.45545168812,89917.23045168811,9904.225000000006
2024-03-26 14:15:00.000000,99821.45545168812,89917.23045168811,9904.225000000006
2024-03-26 14:15:00.000000,99821.45545168812,89917.23045168811,9904.225000000006
2024-03-26 14:15:00.000000,99821.45545168812,89917.23045168811,9904.225000000006
2024-03-26 14:15:00.000000,99821.45545168812,89917.23045168811,9904.225000000006
2024-03-26 14:15:00.000000,99821.45545168812,89917.23045168811,9904.225000000006
2024-03-26 14:16:00.000000,99822.31045168811,89917.23045168811,9905.080000000002
2024-03-26 14:16:00.000000,99802.51019676811,99802.51019676811,0.0
2024-03-26 14:16:00.000000,99802.51019676811,99802.51019676811,0.0
2024-03-26 14:16:00.000000,99802.51019676811,99802.51019676811,0.0
2024-03-26 14:16:00.000000,99802.51019676811,99802.51019676811,0.0
2024-03-26 14:16:00.000000,99802.51019676811,99802.51019676811,0.0
2024-03-26 14:17:00.000000,99802.51019676811,99802.51019676811,0.0
2024-03-26 14:17:00.000000,99782.68785054811,89876.46785054811,9906.220000000001
2024-03-26 14:17:00.000000,99782.68785054811,89876.46785054811,9906.220000000001
2024-03-26 14:17:00.000000,99782.68785054811,89876.46785054811,9906.220000000001
2024-03-26 14:17:00.000000,99782.68785054811,89876.46785054811,9906.220000000001
2024-03-26 14:17:00.000000,99782.68785054811,89876.46785054811,9906.220000000001
2024-03-26 14:18:00.000000,99784.58785054811,89876.46785054811,9908.119999999995
2024-03-26 14:18:00.000000,99784.58785054811,89876.46785054811,9908.119999999995
2024-03-26 14:18:00.000000,99784.58785054811,89876.46785054811,9908.119999999995
2024-03-26 14:18:00.000000,99784.58785054811,89876.46785054811,9908.119999999995
2024-03-26 14:18:00.000000,99784.58785054811,89876.46785054811,9908.119999999995
2024-03-26 14:18:00.000000,99784.58785054811,89876.46785054811,9908.119999999995
2024-03-26 14:19:00.000000,99783.54285054811,89876.46785054811,9907.074999999997
2024-03-26 14:19:00.000000,99783.54285054811,89876.46785054811,9907.074999999997
2024-03-26 14:19:00.000000,99783.54285054811,89876.46785054811,9907.074999999997
2024-03-26 14:19:00.000000,99783.54285054811,89876.46785054811,9907.074999999997
2024-03-26 14:19:00.000000,99783.54285054811,89876.46785054811,9907.074999999997
2024-03-26 14:19:00.000000,99783.54285054811,89876.46785054811,9907.074999999997
2024-03-26 14:20:00.000000,99783.35285054811,89876.46785054811,9906.884999999995
2024-03-26 14:20:00.000000,99783.35285054811,89876.46785054811,9906.884999999995
2024-03-26 14:20:00.000000,99783.35285054811,89876.46785054811,9906.884999999995
2024-03-26 14:20:00.000000,99783.35285054811,89876.46785054811,9906.884999999995
2024-03-26 14:20:00.000000,99783.35285054811,89876.46785054811,9906.884999999995
2024-03-26 14:20:00.000000,99783.35285054811,89876.46785054811,9906.884999999995
2024-03-26 14:21:00.000000,99782.30785054811,89876.46785054811,9905.839999999997
2024-03-26 14:21:00.000000,99762.50607638812,99762.50607638812,0.0
2024-03-26 14:21:00.000000,99762.50607638812,99762.50607638812,0.0
2024-03-26 14:21:00.000000,99762.50607638812,99762.50607638812,0.0
2024-03-26 14:21:00.000000,99762.50607638812,99762.50607638812,0.0
2024-03-26 14:21:00.000000,99762.50607638812,99762.50607638812,0.0
2024-03-26 14:22:00.000000,99762.50607638812,99762.50607638812,0.0
2024-03-26 14:22:00.000000,99762.50607638812,99762.50607638812,0.0
2024-03-26 14:22:00.000000,99762.50607638812,99762.50607638812,0.0
2024-03-26 14:22:00.000000,99762.50607638812,99762.50607638812,0.0
2024-03-26 14:22:00.000000,99762.50607638812,99762.50607638812,0.0
2024-03-26 14:22:00.000000,99762.50607638812,99762.50607638812,0.0
2024-03-26 14:23:00.000000,99762.50607638812,99762.50607638812,0.0
2024-03-26 14:23:00.000000,99762.50607638812,99762.50607638812,0.0
2024-03-26 14:23:00.000000,99762.50607638812,99762.50607638812,0.0
2024-03-26 14:23:00.000000,99762.50607638812,99762.50607638812,0.0
2024-03-26 14:23:00.000000,99762.50607638812,99762.50607638812,0.0
2024-03-26 14:23:00.000000,99762.50607638812,99762.50607638812,0.0
2024-03-26 14:24:00.000000,99762.50607638812,99762.50607638812,0.0
2024-03-26 14:24:00.000000,99742.68182921811,89835.51182921811,9907.169999999998
2024-03-26 14:24:00.000000,99742.68182921811,89835.51182921811,9907.169999999998
2024-03-26 14:24:00.000000,99742.68182921811,89835.51182921811,9907.169999999998
2024-03-26 14:24:00.000000,99742.68182921811,89835.51182921811,9907.169999999998
2024-03-26 14:24:00.000000,99742.68182921811,89835.51182921811,9907.169999999998
2024-03-26 14:25:00.000000,99740.21182921811,89835.51182921811,9904.699999999997
2024-03-26 14:25:00.000000,99740.21182921811,89835.51182921811,9904.699999999997
2024-03-26 14:25:00.000000,99740.21182921811,89835.51182921811,9904.699999999997
2024-03-26 14:25:00.000000,99740.21182921811,89835.51182921811,9904.699999999997
2024-03-26 14:25:00.000000,99720.41233391811,99720.41233391811,0.0
2024-03-26 14:25:00.000000,99720.41233391811,99720.41233391811,0.0
2024-03-26 14:26:00.000000,99720.41233391811,99720.41233391811,0.0
2024-03-26 14:26:00.000000,99720.41233391811,99720.41233391811,0.0
2024-03-26 14:26:00.000000,99720.41233391811,99720.41233391811,0.0
2024-03-26 14:26:00.000000,99720.41233391811,99720.41233391811,0.0
2024-03-26 14:26:00.000000,99720.41233391811,99720.41233391811,0.0
2024-03-26 14:26:00.000000,99720.41233391811,99720.41233391811,0.0
2024-03-26 14:27:00.000000,99720.41233391811,99720.41233391811,0.0
2024-03-26 14:27:00.000000,99720.41233391811,99720.41233391811,0.0
2024-03-26 14:27:00.000000,99720.41233391811,99720.41233391811,0.0
2024-03-26 14:27:00.000000,99720.41233391811,99720.41233391811,0.0
2024-03-26 14:27:00.000000,99720.41233391811,99720.41233391811,0.0
2024-03-26 14:27:00.000000,99720.41233391811,99720.41233391811,0.0
2024-03-26 14:28:00.000000,99720.41233391811,99720.41233391811,0.0
2024-03-26 14:28:00.000000,99720.41233391811,99720.41233391811,0.0
2024-03-26 14:28:00.000000,99720.41233391811,99720.41233391811,0.0
2024-03-26 14:28:00.000000,99720.41233391811,99720.41233391811,0.0
2024-03-26 14:28:00.000000,99720.41233391811,99720.41233391811,0.0
2024-03-26 14:28:00.000000,99720.41233391811,99720.41233391811,0.0
2024-03-26 14:29:00.000000,99720.41233391811,99720.41233391811,0.0
2024-03-26 14:29:00.000000,99720.41233391811,99720.41233391811,0.0
2024-03-26 14:29:00.000000,99720.41233391811,99720.41233391811,0.0
2024-03-26 14:29:00.000000,99720.41233391811,99720.41233391811,0.0
2024-03-26 14:29:00.000000,99720.41233391811,99720.41233391811,0.0
2024-03-26 14:29:00.000000,99720.41233391811,99720.41233391811,0.0
2024-03-26 14:30:00.000000,99720.41233391811,99720.41233391811,0.0
2024-03-26 14:30:00.000000,99720.41233391811,99720.41233391811,0.0
2024-03-26 14:30:00.000000,99720.41233391811,99720.41233391811,0.0
2024-03-26 14:30:00.000000,99720.41233391811,99720.41233391811,0.0
2024-03-26 14:30:00.000000,99720.41233391811,99720.41233391811,0.0
2024-03-26 14:30:00.000000,99720.41233391811,99720.41233391811,0.0
2024-03-26 14:31:00.000000,99720.41233391811,99720.41233391811,0.0
2024-03-26 14:31:00.000000,99720.41233391811,99720.41233391811,0.0
2024-03-26 14:31:00.000000,99720.41233391811,99720.41233391811,0.0
2024-03-26 14:31:00.000000,99720.41233391811,99720.41233391811,0.0
2024-03-26 14:31:00.000000,99720.41233391811,99720.41233391811,0.0
2024-03-26 14:31:00.000000,99720.41233391811,99720.41233391811,0.0
2024-03-26 14:32:00.000000,99720.41233391811,99720.41233391811,0.0
2024-03-26 14:32:00.000000,99720.41233391811,99720.41233391811,0.0
2024-03-26 14:32:00.000000,99720.41233391811,99720.41233391811,0.0
2024-03-26 14:32:00.000000,99720.41233391811,99720.41233391811,0.0
2024-03-26 14:32:00.000000,99720.41233391811,99720.41233391811,0.0
2024-03-26 14:32:00.000000,99720.41233391811,99720.41233391811,0.0
2024-03-26 14:33:00.000000,99720.41233391811,99720.41233391811,0.0
2024-03-26 14:33:00.000000,99720.41233391811,99720.41233391811,0.0
2024-03-26 14:33:00.000000,99720.41233391811,99720.41233391811,0.0
2024-03-26 14:33:00.000000,99720.41233391811,99720.41233391811,0.0
2024-03-26 14:33:00.000000,99720.41233391811,99720.41233391811,0.0
2024-03-26 14:33:00.000000,99720.41233391811,99720.41233391811,0.0
2024-03-26 14:34:00.000000,99720.41233391811,99720.41233391811,0.0
2024-03-26 14:34:00.000000,99700.6048151081,89801.79481510811,9898.809999999998
2024-03-26 14:34:00.000000,99700.6048151081,89801.79481510811,9898.809999999998
2024-03-26 14:34:00.000000,99700.6048151081,89801.79481510811,9898.809999999998
2024-03-26 14:34:00.000000,99700.6048151081,89801.79481510811,9898.809999999998
2024-03-26 14:34:00.000000,99700.6048151081,89801.79481510811,9898.809999999998
2024-03-26 14:35:00.000000,99700.4148151081,89801.79481510811,9898.619999999995
2024-03-26 14:35:00.000000,99700.4148151081,89801.79481510811,9898.619999999995
2024-03-26 14:35:00.000000,99700.4148151081,89801.79481510811,9898.619999999995
2024-03-26 14:35:00.000000,99700.4148151081,89801.79481510811,9898.619999999995
2024-03-26 14:35:00.000000,99700.4148151081,89801.79481510811,9898.619999999995
2024-03-26 14:35:00.000000,99700.4148151081,89801.79481510811,9898.619999999995
2024-03-26 14:36:00.000000,99698.5129151081,89801.79481510811,9896.718099999998
2024-03-26 14:36:00.000000,99698.5129151081,89801.79481510811,9896.718099999998
2024-03-26 14:36:00.000000,99698.5129151081,89801.79481510811,9896.718099999998
2024-03-26 14:36:00.000000,99698.5129151081,89801.79481510811,9896.718099999998
2024-03-26 14:36:00.000000,99678.72937562622,99678.72937562622,0.0
2024-03-26 14:36:00.000000,99678.72937562622,99678.72937562622,0.0
2024-03-26 14:37:00.000000,99678.72937562622,99678.72937562622,0.0
2024-03-26 14:37:00.000000,99678.72937562622,99678.72937562622,0.0
2024-03-26 14:37:00.000000,99678.72937562622,99678.72937562622,0.0
2024-03-26 14:37:00.000000,99678.72937562622,99678.72937562622,0.0
2024-03-26 14:37:00.000000,99658.92033605621,89759.35033605622,9899.569999999992
2024-03-26 14:37:00.000000,99658.92033605621,89759.35033605622,9899.569999999992
2024-03-26 14:38:00.000000,99659.77533605622,89759.35033605622,9900.425000000003
2024-03-26 14:38:00.000000,99659.77533605622,89759.35033605622,9900.425000000003
2024-03-26 14:38:00.000000,99659.77533605622,89759.35033605622,9900.425000000003
2024-03-26 14:38:00.000000,99659.77533605622,89759.35033605622,9900.425000000003
2024-03-26 14:38:00.000000,99659.77533605622,89759.35033605622,9900.425000000003
2024-03-26 14:38:00.000000,99659.77533605622,89759.35033605622,9900.425000000003
2024-03-26 14:39:00.000000,99660.34533605621,89759.35033605622,9900.994999999995
2024-03-26 14:39:00.000000,99660.34533605621,89759.35033605622,9900.994999999995
2024-03-26 14:39:00.000000,99660.34533605621,89759.35033605622,9900.994999999995
2024-03-26 14:39:00.000000,99660.34533605621,89759.35033605622,9900.994999999995
2024-03-26 14:39:00.000000,99660.34533605621,89759.35033605622,9900.994999999995
2024-03-26 14:39:00.000000,99660.34533605621,89759.35033605622,9900.994999999995
2024-03-26 14:40:00.000000,99658.06533605621,89759.35033605622,9898.714999999997
2024-03-26 14:40:00.000000,99658.06533605621,89759.35033605622,9898.714999999997
2024-03-26 14:40:00.000000,99658.06533605621,89759.35033605622,9898.714999999997
2024-03-26 14:40:00.000000,99658.06533605621,89759.35033605622,9898.714999999997
2024-03-26 14:40:00.000000,99658.06533605621,89759.35033605622,9898.714999999997
2024-03-26 14:40:00.000000,99658.06533605621,89759.35033605622,9898.714999999997
2024-03-26 14:41:00.000000,99659.49033605622,89759.35033605622,9900.14
2024-03-26 14:41:00.000000,99639.69995619621,99639.69995619621,0.0
2024-03-26 14:41:00.000000,99639.69995619621,99639.69995619621,0.0
2024-03-26 14:41:00.000000,99639.69995619621,99639.69995619621,0.0
2024-03-26 14:41:00.000000,99639.69995619621,99639.69995619621,0.0
2024-03-26 14:41:00.000000,99639.69995619621,99639.69995619621,0.0
2024-03-26 14:42:00.000000,99639.69995619621,99639.69995619621,0.0
2024-03-26 14:42:00.000000,99619.88977605621,89719.74977605621,9900.14
2024-03-26 14:42:00.000000,99619.88977605621,89719.74977605621,9900.14
2024-03-26 14:42:00.000000,99619.88977605621,89719.74977605621,9900.14
2024-03-26 14:42:00.000000,99619.88977605621,89719.74977605621,9900.14
2024-03-26 14:42:00.000000,99619.88977605621,89719.74977605621,9900.14
2024-03-26 14:43:00.000000,99622.07477605621,89719.74977605621,9902.324999999997
2024-03-26 14:43:00.000000,99622.07477605621,89719.74977605621,9902.324999999997
2024-03-26 14:43:00.000000,99622.07477605621,89719.74977605621,9902.324999999997
2024-03-26 14:43:00.000000,99622.07477605621,89719.74977605621,9902.324999999997
2024-03-26 14:43:00.000000,99622.07477605621,89719.74977605621,9902.324999999997
2024-03-26 14:43:00.000000,99622.07477605621,89719.74977605621,9902.324999999997
2024-03-26 14:44:00.000000,99620.6497760562,89719.74977605621,9900.899999999994
2024-03-26 14:44:00.000000,99620.6497760562,89719.74977605621,9900.899999999994
2024-03-26 14:44:00.000000,99620.6497760562,89719.74977605621,9900.899999999994
2024-03-26 14:44:00.000000,99620.6497760562,89719.74977605621,9900.899999999994
2024-03-26 14:44:00.000000,99620.6497760562,89719.74977605621,9900.899999999994
2024-03-26 14:44:00.000000,99620.6497760562,89719.74977605621,9900.899999999994
2024-03-26 14:45:00.000000,99618.93977605621,89719.74977605621,9899.190000000002
2024-03-26 14:45:00.000000,99599.15129524622,99599.15129524622,0.0
2024-03-26 14:45:00.000000,99599.15129524622,99599.15129524622,0.0
2024-03-26 14:45:00.000000,99599.15129524622,99599.15129524622,0.0
2024-03-26 14:45:00.000000,99599.15129524622,99599.15129524622,0.0
2024-03-26 14:45:00.000000,99599.15129524622,99599.15129524622,0.0
2024-03-26 14:46:00.000000,99599.15129524622,99599.15129524622,0.0
2024-03-26 14:46:00.000000,99599.15129524622,99599.15129524622,0.0
2024-03-26 14:46:00.000000,99599.15129524622,99599.15129524622,0.0
2024-03-26 14:46:00.000000,99599.15129524622,99599.15129524622,0.0
2024-03-26 14:46:00.000000,99599.15129524622,99599.15129524622,0.0
2024-03-26 14:46:00.000000,99599.15129524622,99599.15129524622,0.0
2024-03-26 14:47:00.000000,99599.15129524622,99599.15129524622,0.0
2024-03-26 14:47:00.000000,99579.33807358623,89677.67807358623,9901.660000000003
2024-03-26 14:47:00.000000,99579.33807358623,89677.67807358623,9901.660000000003
2024-03-26 14:47:00.000000,99579.33807358623,89677.67807358623,9901.660000000003
2024-03-26 14:47:00.000000,99579.33807358623,89677.67807358623,9901.660000000003
2024-03-26 14:47:00.000000,99579.33807358623,89677.67807358623,9901.660000000003
2024-03-26 14:48:00.000000,99575.91617358623,89677.67807358623,9898.238100000002
2024-03-26 14:48:00.000000,99556.12959562433,99556.12959562433,0.0
2024-03-26 14:48:00.000000,99556.12959562433,99556.12959562433,0.0
2024-03-26 14:48:00.000000,99556.12959562433,99556.12959562433,0.0
2024-03-26 14:48:00.000000,99556.12959562433,99556.12959562433,0.0
2024-03-26 14:48:00.000000,99556.12959562433,99556.12959562433,0.0
2024-03-26 14:49:00.000000,99556.12959562433,99556.12959562433,0.0
2024-03-26 14:49:00.000000,99556.12959562433,99556.12959562433,0.0
2024-03-26 14:49:00.000000,99556.12959562433,99556.12959562433,0.0
2024-03-26 14:49:00.000000,99556.12959562433,99556.12959562433,0.0
2024-03-26 14:49:00.000000,99556.12959562433,99556.12959562433,0.0
2024-03-26 14:49:00.000000,99556.12959562433,99556.12959562433,0.0
2024-03-26 14:50:00.000000,99556.12959562433,99556.12959562433,0.0
2024-03-26 14:50:00.000000,99556.12959562433,99556.12959562433,0.0
2024-03-26 14:50:00.000000,99556.12959562433,99556.12959562433,0.0
2024-03-26 14:50:00.000000,99556.12959562433,99556.12959562433,0.0
2024-03-26 14:50:00.000000,99556.12959562433,99556.12959562433,0.0
2024-03-26 14:50:00.000000,99556.12959562433,99556.12959562433,0.0
2024-03-26 14:51:00.000000,99556.12959562433,99556.12959562433,0.0
2024-03-26 14:51:00.000000,99536.31827491435,89635.60827491434,9900.710000000006
2024-03-26 14:51:00.000000,99536.31827491435,89635.60827491434,9900.710000000006
2024-03-26 14:51:00.000000,99536.31827491435,89635.60827491434,9900.710000000006
2024-03-26 14:51:00.000000,99536.31827491435,89635.60827491434,9900.710000000006
2024-03-26 14:51:00.000000,99536.31827491435,89635.60827491434,9900.710000000006
2024-03-26 14:52:00.000000,99536.12827491434,89635.60827491434,9900.520000000004
2024-03-26 14:52:00.000000,99536.12827491434,89635.60827491434,9900.520000000004
2024-03-26 14:52:00.000000,99536.12827491434,89635.60827491434,9900.520000000004
2024-03-26 14:52:00.000000,99536.12827491434,89635.60827491434,9900.520000000004
2024-03-26 14:52:00.000000,99536.12827491434,89635.60827491434,9900.520000000004
2024-03-26 14:52:00.000000,99536.12827491434,89635.60827491434,9900.520000000004
2024-03-26 14:53:00.000000,99537.07827491434,89635.60827491434,9901.470000000001
2024-03-26 14:53:00.000000,99537.07827491434,89635.60827491434,9901.470000000001
2024-03-26 14:53:00.000000,99537.07827491434,89635.60827491434,9901.470000000001
2024-03-26 14:53:00.000000,99537.07827491434,89635.60827491434,9901.470000000001
2024-03-26 14:53:00.000000,99537.07827491434,89635.60827491434,9901.470000000001
2024-03-26 14:53:00.000000,99537.07827491434,89635.60827491434,9901.470000000001
2024-03-26 14:54:00.000000,99537.83827491433,89635.60827491434,9902.229999999996
2024-03-26 14:54:00.000000,99537.83827491433,89635.60827491434,9902.229999999996
2024-03-26 14:54:00.000000,99537.83827491433,89635.60827491434,9902.229999999996
2024-03-26 14:54:00.000000,99537.83827491433,89635.60827491434,9902.229999999996
2024-03-26 14:54:00.000000,99537.83827491433,89635.60827491434,9902.229999999996
2024-03-26 14:54:00.000000,99537.83827491433,89635.60827491434,9902.229999999996
2024-03-26 14:55:00.000000,99538.69327491435,89635.60827491434,9903.085000000006
2024-03-26 14:55:00.000000,99538.69327491435,89635.60827491434,9903.085000000006
2024-03-26 14:55:00.000000,99538.69327491435,89635.60827491434,9903.085000000006
2024-03-26 14:55:00.000000,99538.69327491435,89635.60827491434,9903.085000000006
2024-03-26 14:55:00.000000,99538.69327491435,89635.60827491434,9903.085000000006
2024-03-26 14:55:00.000000,99538.69327491435,89635.60827491434,9903.085000000006
2024-03-26 14:56:00.000000,99538.02637491433,89635.60827491434,9902.418099999995
2024-03-26 14:56:00.000000,99538.02637491433,89635.60827491434,9902.418099999995
2024-03-26 14:56:00.000000,99538.02637491433,89635.60827491434,9902.418099999995
2024-03-26 14:56:00.000000,99538.02637491433,89635.60827491434,9902.418099999995
2024-03-26 14:56:00.000000,99538.02637491433,89635.60827491434,9902.418099999995
2024-03-26 14:56:00.000000,99538.02637491433,89635.60827491434,9902.418099999995
2024-03-26 14:57:00.000000,99539.16827491434,89635.60827491434,9903.559999999998
2024-03-26 14:57:00.000000,99539.16827491434,89635.60827491434,9903.559999999998
2024-03-26 14:57:00.000000,99539.16827491434,89635.60827491434,9903.559999999998
2024-03-26 14:57:00.000000,99539.16827491434,89635.60827491434,9903.559999999998
2024-03-26 14:57:00.000000,99539.16827491434,89635.60827491434,9903.559999999998
2024-03-26 14:57:00.000000,99539.16827491434,89635.60827491434,9903.559999999998
2024-03-26 14:58:00.000000,99539.92827491433,89635.60827491434,9904.319999999992
2024-03-26 14:58:00.000000,99539.92827491433,89635.60827491434,9904.319999999992
2024-03-26 14:58:00.000000,99539.92827491433,89635.60827491434,9904.319999999992
2024-03-26 14:58:00.000000,99539.92827491433,89635.60827491434,9904.319999999992
2024-03-26 14:58:00.000000,99539.92827491433,89635.60827491434,9904.319999999992
2024-03-26 14:58:00.000000,99539.92827491433,89635.60827491434,9904.319999999992
2024-03-26 14:59:00.000000,99540.30827491434,89635.60827491434,9904.699999999997
2024-03-26 14:59:00.000000,99540.30827491434,89635.60827491434,9904.699999999997
2024-03-26 14:59:00.000000,99540.30827491434,89635.60827491434,9904.699999999997
2024-03-26 14:59:00.000000,99540.30827491434,89635.60827491434,9904.699999999997
2024-03-26 14:59:00.000000,99540.30827491434,89635.60827491434,9904.699999999997
2024-03-26 14:59:00.000000,99540.30827491434,89635.60827491434,9904.699999999997
2024-03-26 15:00:00.000000,99541.06827491435,89635.60827491434,9905.460000000006
2024-03-26 15:00:00.000000,99541.06827491435,89635.60827491434,9905.460000000006
2024-03-26 15:00:00.000000,99541.06827491435,89635.60827491434,9905.460000000006
2024-03-26 15:00:00.000000,99541.06827491435,89635.60827491434,9905.460000000006
2024-03-26 15:00:00.000000,99541.06827491435,89635.60827491434,9905.460000000006
2024-03-26 15:00:00.000000,99541.06827491435,89635.60827491434,9905.460000000006
2024-03-26 15:01:00.000000,99540.56667491434,89635.60827491434,9904.958400000003
2024-03-26 15:01:00.000000,99540.56667491434,89635.60827491434,9904.958400000003
2024-03-26 15:01:00.000000,99540.56667491434,89635.60827491434,9904.958400000003
2024-03-26 15:01:00.000000,99540.56667491434,89635.60827491434,9904.958400000003
2024-03-26 15:01:00.000000,99540.56667491434,89635.60827491434,9904.958400000003
2024-03-26 15:01:00.000000,99540.56667491434,89635.60827491434,9904.958400000003
2024-03-26 15:02:00.000000,99540.11827491433,89635.60827491434,9904.509999999995
2024-03-26 15:02:00.000000,99540.11827491433,89635.60827491434,9904.509999999995
2024-03-26 15:02:00.000000,99540.11827491433,89635.60827491434,9904.509999999995
2024-03-26 15:02:00.000000,99540.11827491433,89635.60827491434,9904.509999999995
2024-03-26 15:02:00.000000,99520.31915942434,99520.31915942434,0.0
2024-03-26 15:02:00.000000,99520.31915942434,99520.31915942434,0.0
2024-03-26 15:03:00.000000,99520.31915942434,99520.31915942434,0.0
2024-03-26 15:03:00.000000,99520.31915942434,99520.31915942434,0.0
2024-03-26 15:03:00.000000,99520.31915942434,99520.31915942434,0.0
2024-03-26 15:03:00.000000,99520.31915942434,99520.31915942434,0.0
2024-03-26 15:03:00.000000,99520.31915942434,99520.31915942434,0.0
2024-03-26 15:03:00.000000,99520.31915942434,99520.31915942434,0.0
2024-03-26 15:04:00.000000,99520.31915942434,99520.31915942434,0.0
2024-03-26 15:04:00.000000,99520.31915942434,99520.31915942434,0.0
2024-03-26 15:04:00.000000,99520.31915942434,99520.31915942434,0.0
2024-03-26 15:04:00.000000,99520.31915942434,99520.31915942434,0.0
2024-03-26 15:04:00.000000,99520.31915942434,99520.31915942434,0.0
2024-03-26 15:04:00.000000,99520.31915942434,99520.31915942434,0.0
2024-03-26 15:05:00.000000,99520.31915942434,99520.31915942434,0.0
2024-03-26 15:05:00.000000,99520.31915942434,99520.31915942434,0.0
2024-03-26 15:05:00.000000,99520.31915942434,99520.31915942434,0.0
2024-03-26 15:05:00.000000,99520.31915942434,99520.31915942434,0.0
2024-03-26 15:05:00.000000,99520.31915942434,99520.31915942434,0.0
2024-03-26 15:05:00.000000,99520.31915942434,99520.31915942434,0.0
2024-03-26 15:06:00.000000,99520.31915942434,99520.31915942434,0.0
2024-03-26 15:06:00.000000,99520.31915942434,99520.31915942434,0.0
2024-03-26 15:06:00.000000,99520.31915942434,99520.31915942434,0.0
2024-03-26 15:06:00.000000,99520.31915942434,99520.31915942434,0.0
2024-03-26 15:06:00.000000,99520.31915942434,99520.31915942434,0.0
2024-03-26 15:06:00.000000,99520.31915942434,99520.31915942434,0.0
2024-03-26 15:07:00.000000,99520.31915942434,99520.31915942434,0.0
2024-03-26 15:07:00.000000,99520.31915942434,99520.31915942434,0.0
2024-03-26 15:07:00.000000,99520.31915942434,99520.31915942434,0.0
2024-03-26 15:07:00.000000,99520.31915942434,99520.31915942434,0.0
2024-03-26 15:07:00.000000,99520.31915942434,99520.31915942434,0.0
2024-03-26 15:07:00.000000,99520.31915942434,99520.31915942434,0.0
2024-03-26 15:08:00.000000,99520.31915942434,99520.31915942434,0.0
2024-03-26 15:08:00.000000,99520.31915942434,99520.31915942434,0.0
2024-03-26 15:08:00.000000,99520.31915942434,99520.31915942434,0.0
2024-03-26 15:08:00.000000,99520.31915942434,99520.31915942434,0.0
2024-03-26 15:08:00.000000,99520.31915942434,99520.31915942434,0.0
2024-03-26 15:08:00.000000,99520.31915942434,99520.31915942434,0.0
2024-03-26 15:09:00.000000,99520.31915942434,99520.31915942434,0.0
2024-03-26 15:09:00.000000,99500.50137548435,89596.56137548435,9903.940000000002
2024-03-26 15:09:00.000000,99500.50137548435,89596.56137548435,9903.940000000002
2024-03-26 15:09:00.000000,99500.50137548435,89596.56137548435,9903.940000000002
2024-03-26 15:09:00.000000,99500.50137548435,89596.56137548435,9903.940000000002
2024-03-26 15:09:00.000000,99500.50137548435,89596.56137548435,9903.940000000002
2024-03-26 15:10:00.000000,99501.64137548435,89596.56137548435,9905.080000000002
2024-03-26 15:10:00.000000,99501.64137548435,89596.56137548435,9905.080000000002
2024-03-26 15:10:00.000000,99501.64137548435,89596.56137548435,9905.080000000002
2024-03-26 15:10:00.000000,99501.64137548435,89596.56137548435,9905.080000000002
2024-03-26 15:10:00.000000,99501.64137548435,89596.56137548435,9905.080000000002
2024-03-26 15:10:00.000000,99501.64137548435,89596.56137548435,9905.080000000002
2024-03-26 15:11:00.000000,99500.69327548434,89596.56137548435,9904.131899999993
2024-03-26 15:11:00.000000,99500.69327548434,89596.56137548435,9904.131899999993
2024-03-26 15:11:00.000000,99500.69327548434,89596.56137548435,9904.131899999993
2024-03-26 15:11:00.000000,99500.69327548434,89596.56137548435,9904.131899999993
2024-03-26 15:11:00.000000,99500.69327548434,89596.56137548435,9904.131899999993
2024-03-26 15:11:00.000000,99500.69327548434,89596.56137548435,9904.131899999993
2024-03-26 15:12:00.000000,99499.17137548435,89596.56137548435,9902.61
2024-03-26 15:12:00.000000,99479.37605809435,99479.37605809435,0.0
2024-03-26 15:12:00.000000,99479.37605809435,99479.37605809435,0.0
2024-03-26 15:12:00.000000,99479.37605809435,99479.37605809435,0.0
2024-03-26 15:12:00.000000,99479.37605809435,99479.37605809435,0.0
2024-03-26 15:12:00.000000,99479.37605809435,99479.37605809435,0.0
2024-03-26 15:13:00.000000,99479.37605809435,99479.37605809435,0.0
2024-03-26 15:13:00.000000,99479.37605809435,99479.37605809435,0.0
2024-03-26 15:13:00.000000,99479.37605809435,99479.37605809435,0.0
2024-03-26 15:13:00.000000,99479.37605809435,99479.37605809435,0.0
2024-03-26 15:13:00.000000,99479.37605809435,99479.37605809435,0.0
2024-03-26 15:13:00.000000,99479.37605809435,99479.37605809435,0.0
2024-03-26 15:14:00.000000,99479.37605809435,99479.37605809435,0.0
2024-03-26 15:14:00.000000,99479.37605809435,99479.37605809435,0.0
2024-03-26 15:14:00.000000,99479.37605809435,99479.37605809435,0.0
2024-03-26 15:14:00.000000,99479.37605809435,99479.37605809435,0.0
2024-03-26 15:14:00.000000,99479.37605809435,99479.37605809435,0.0
2024-03-26 15:14:00.000000,99479.37605809435,99479.37605809435,0.0
2024-03-26 15:15:00.000000,99479.37605809435,99479.37605809435,0.0
2024-03-26 15:15:00.000000,99479.37605809435,99479.37605809435,0.0
2024-03-26 15:15:00.000000,99479.37605809435,99479.37605809435,0.0
2024-03-26 15:15:00.000000,99479.37605809435,99479.37605809435,0.0
2024-03-26 15:15:00.000000,99479.37605809435,99479.37605809435,0.0
2024-03-26 15:15:00.000000,99479.37605809435,99479.37605809435,0.0
2024-03-26 15:16:00.000000,99479.37605809435,99479.37605809435,0.0
2024-03-26 15:16:00.000000,99479.37605809435,99479.37605809435,0.0
2024-03-26 15:16:00.000000,99479.37605809435,99479.37605809435,0.0
2024-03-26 15:16:00.000000,99479.37605809435,99479.37605809435,0.0
2024-03-26 15:16:00.000000,99479.37605809435,99479.37605809435,0.0
2024-03-26 15:16:00.000000,99479.37605809435,99479.37605809435,0.0
2024-03-26 15:17:00.000000,99479.37605809435,99479.37605809435,0.0
2024-03-26 15:17:00.000000,99479.37605809435,99479.37605809435,0.0
2024-03-26 15:17:00.000000,99479.37605809435,99479.37605809435,0.0
2024-03-26 15:17:00.000000,99479.37605809435,99479.37605809435,0.0
2024-03-26 15:17:00.000000,99479.37605809435,99479.37605809435,0.0
2024-03-26 15:17:00.000000,99479.37605809435,99479.37605809435,0.0
2024-03-26 15:18:00.000000,99479.37605809435,99479.37605809435,0.0
2024-03-26 15:18:00.000000,99459.55713358434,89555.04713358435,9904.509999999995
2024-03-26 15:18:00.000000,99459.55713358434,89555.04713358435,9904.509999999995
2024-03-26 15:18:00.000000,99459.55713358434,89555.04713358435,9904.509999999995
2024-03-26 15:18:00.000000,99459.55713358434,89555.04713358435,9904.509999999995
2024-03-26 15:18:00.000000,99459.55713358434,89555.04713358435,9904.509999999995
2024-03-26 15:19:00.000000,99458.03713358435,89555.04713358435,9902.990000000005
2024-03-26 15:19:00.000000,99458.03713358435,89555.04713358435,9902.990000000005
2024-03-26 15:19:00.000000,99458.03713358435,89555.04713358435,9902.990000000005
2024-03-26 15:19:00.000000,99458.03713358435,89555.04713358435,9902.990000000005
2024-03-26 15:19:00.000000,99458.03713358435,89555.04713358435,9902.990000000005
2024-03-26 15:19:00.000000,99458.03713358435,89555.04713358435,9902.990000000005
2024-03-26 15:20:00.000000,99457.46903358435,89555.04713358435,9902.421900000001
2024-03-26 15:20:00.000000,99437.67409220625,99437.67409220625,0.0
2024-03-26 15:20:00.000000,99437.67409220625,99437.67409220625,0.0
2024-03-26 15:20:00.000000,99437.67409220625,99437.67409220625,0.0
2024-03-26 15:20:00.000000,99437.67409220625,99437.67409220625,0.0
2024-03-26 15:20:00.000000,99437.67409220625,99437.67409220625,0.0
2024-03-26 15:21:00.000000,99437.67409220625,99437.67409220625,0.0
2024-03-26 15:21:00.000000,99437.67409220625,99437.67409220625,0.0
2024-03-26 15:21:00.000000,99437.67409220625,99437.67409220625,0.0
2024-03-26 15:21:00.000000,99437.67409220625,99437.67409220625,0.0
2024-03-26 15:21:00.000000,99417.85535779125,89513.44035779126,9904.414999999994
2024-03-26 15:21:00.000000,99417.85535779125,89513.44035779126,9904.414999999994
2024-03-26 15:22:00.000000,99418.14035779126,89513.44035779126,9904.699999999997
2024-03-26 15:22:00.000000,99418.14035779126,89513.44035779126,9904.699999999997
2024-03-26 15:22:00.000000,99418.14035779126,89513.44035779126,9904.699999999997
2024-03-26 15:22:00.000000,99418.14035779126,89513.44035779126,9904.699999999997
2024-03-26 15:22:00.000000,99418.14035779126,89513.44035779126,9904.699999999997
2024-03-26 15:22:00.000000,99418.14035779126,89513.44035779126,9904.699999999997
2024-03-26 15:23:00.000000,99418.52035779126,89513.44035779126,9905.080000000002
2024-03-26 15:23:00.000000,99418.52035779126,89513.44035779126,9905.080000000002
2024-03-26 15:23:00.000000,99418.52035779126,89513.44035779126,9905.080000000002
2024-03-26 15:23:00.000000,99418.52035779126,89513.44035779126,9905.080000000002
2024-03-26 15:23:00.000000,99418.52035779126,89513.44035779126,9905.080000000002
2024-03-26 15:23:00.000000,99418.52035779126,89513.44035779126,9905.080000000002
2024-03-26 15:24:00.000000,99417.76035779127,89513.44035779126,9904.320000000007
2024-03-26 15:24:00.000000,99417.76035779127,89513.44035779126,9904.320000000007
2024-03-26 15:24:00.000000,99417.76035779127,89513.44035779126,9904.320000000007
2024-03-26 15:24:00.000000,99417.76035779127,89513.44035779126,9904.320000000007
2024-03-26 15:24:00.000000,99417.76035779127,89513.44035779126,9904.320000000007
2024-03-26 15:24:00.000000,99417.76035779127,89513.44035779126,9904.320000000007
2024-03-26 15:25:00.000000,99419.61285779126,89513.44035779126,9906.1725
2024-03-26 15:25:00.000000,99419.61285779126,89513.44035779126,9906.1725
2024-03-26 15:25:00.000000,99419.61285779126,89513.44035779126,9906.1725
2024-03-26 15:25:00.000000,99419.61285779126,89513.44035779126,9906.1725
2024-03-26 15:25:00.000000,99419.61285779126,89513.44035779126,9906.1725
2024-03-26 15:25:00.000000,99419.61285779126,89513.44035779126,9906.1725
2024-03-26 15:26:00.000000,99419.09035779125,89513.44035779126,9905.649999999994
2024-03-26 15:26:00.000000,99419.09035779125,89513.44035779126,9905.649999999994
2024-03-26 15:26:00.000000,99419.09035779125,89513.44035779126,9905.649999999994
2024-03-26 15:26:00.000000,99419.09035779125,89513.44035779126,9905.649999999994
2024-03-26 15:26:00.000000,99419.09035779125,89513.44035779126,9905.649999999994
2024-03-26 15:26:00.000000,99419.09035779125,89513.44035779126,9905.649999999994
2024-03-26 15:27:00.000000,99418.71035779126,89513.44035779126,9905.270000000004
2024-03-26 15:27:00.000000,99418.71035779126,89513.44035779126,9905.270000000004
2024-03-26 15:27:00.000000,99418.71035779126,89513.44035779126,9905.270000000004
2024-03-26 15:27:00.000000,99418.71035779126,89513.44035779126,9905.270000000004
2024-03-26 15:27:00.000000,99418.71035779126,89513.44035779126,9905.270000000004
2024-03-26 15:27:00.000000,99418.71035779126,89513.44035779126,9905.270000000004
2024-03-26 15:28:00.000000,99419.09035779125,89513.44035779126,9905.649999999994
2024-03-26 15:28:00.000000,99419.09035779125,89513.44035779126,9905.649999999994
2024-03-26 15:28:00.000000,99419.09035779125,89513.44035779126,9905.649999999994
2024-03-26 15:28:00.000000,99419.09035779125,89513.44035779126,9905.649999999994
2024-03-26 15:28:00.000000,99419.09035779125,89513.44035779126,9905.649999999994
2024-03-26 15:28:00.000000,99419.09035779125,89513.44035779126,9905.649999999994
2024-03-26 15:29:00.000000,99417.76035779127,89513.44035779126,9904.320000000007
2024-03-26 15:29:00.000000,99397.96162211127,99397.96162211127,0.0
2024-03-26 15:29:00.000000,99397.96162211127,99397.96162211127,0.0
2024-03-26 15:29:00.000000,99397.96162211127,99397.96162211127,0.0
2024-03-26 15:29:00.000000,99397.96162211127,99397.96162211127,0.0
2024-03-26 15:29:00.000000,99397.96162211127,99397.96162211127,0.0
2024-03-26 15:30:00.000000,99397.96162211127,99397.96162211127,0.0
2024-03-26 15:30:00.000000,99397.96162211127,99397.96162211127,0.0
2024-03-26 15:30:00.000000,99397.96162211127,99397.96162211127,0.0
2024-03-26 15:30:00.000000,99397.96162211127,99397.96162211127,0.0
2024-03-26 15:30:00.000000,99397.96162211127,99397.96162211127,0.0
2024-03-26 15:30:00.000000,99397.96162211127,99397.96162211127,0.0
2024-03-26 15:31:00.000000,99397.96162211127,99397.96162211127,0.0
2024-03-26 15:31:00.000000,99397.96162211127,99397.96162211127,0.0
2024-03-26 15:31:00.000000,99397.96162211127,99397.96162211127,0.0
2024-03-26 15:31:00.000000,99397.96162211127,99397.96162211127,0.0
2024-03-26 15:31:00.000000,99397.96162211127,99397.96162211127,0.0
2024-03-26 15:31:00.000000,99397.96162211127,99397.96162211127,0.0
2024-03-26 15:32:00.000000,99397.96162211127,99397.96162211127,0.0
2024-03-26 15:32:00.000000,99397.96162211127,99397.96162211127,0.0
2024-03-26 15:32:00.000000,99397.96162211127,99397.96162211127,0.0
2024-03-26 15:32:00.000000,99397.96162211127,99397.96162211127,0.0
2024-03-26 15:32:00.000000,99397.96162211127,99397.96162211127,0.0
2024-03-26 15:32:00.000000,99397.96162211127,99397.96162211127,0.0
2024-03-26 15:33:00.000000,99397.96162211127,99397.96162211127,0.0
2024-03-26 15:33:00.000000,99397.96162211127,99397.96162211127,0.0
2024-03-26 15:33:00.000000,99397.96162211127,99397.96162211127,0.0
2024-03-26 15:33:00.000000,99397.96162211127,99397.96162211127,0.0
2024-03-26 15:33:00.000000,99378.14288769626,89473.72788769627,9904.414999999994
2024-03-26 15:33:00.000000,99378.14288769626,89473.72788769627,9904.414999999994
2024-03-26 15:34:00.000000,99377.47788769627,89473.72788769627,9903.75
2024-03-26 15:34:00.000000,99377.47788769627,89473.72788769627,9903.75
2024-03-26 15:34:00.000000,99377.47788769627,89473.72788769627,9903.75
2024-03-26 15:34:00.000000,99377.47788769627,89473.72788769627,9903.75
2024-03-26 15:34:00.000000,99377.47788769627,89473.72788769627,9903.75
2024-03-26 15:34:00.000000,99377.47788769627,89473.72788769627,9903.75
2024-03-26 15:35:00.000000,99377.66788769627,89473.72788769627,9903.940000000002
2024-03-26 15:35:00.000000,99377.66788769627,89473.72788769627,9903.940000000002
2024-03-26 15:35:00.000000,99377.66788769627,89473.72788769627,9903.940000000002
2024-03-26 15:35:00.000000,99377.66788769627,89473.72788769627,9903.940000000002
2024-03-26 15:35:00.000000,99377.66788769627,89473.72788769627,9903.940000000002
2024-03-26 15:35:00.000000,99377.66788769627,89473.72788769627,9903.940000000002
2024-03-26 15:36:00.000000,99377.09788769626,89473.72788769627,9903.369999999995
2024-03-26 15:36:00.000000,99357.30105106626,99357.30105106626,0.0
2024-03-26 15:36:00.000000,99357.30105106626,99357.30105106626,0.0
2024-03-26 15:36:00.000000,99357.30105106626,99357.30105106626,0.0
2024-03-26 15:36:00.000000,99357.30105106626,99357.30105106626,0.0
2024-03-26 15:36:00.000000,99357.30105106626,99357.30105106626,0.0
2024-03-26 15:37:00.000000,99357.30105106626,99357.30105106626,0.0
2024-03-26 15:37:00.000000,99357.30105106626,99357.30105106626,0.0
2024-03-26 15:37:00.000000,99357.30105106626,99357.30105106626,0.0
2024-03-26 15:37:00.000000,99357.30105106626,99357.30105106626,0.0
2024-03-26 15:37:00.000000,99357.30105106626,99357.30105106626,0.0
2024-03-26 15:37:00.000000,99357.30105106626,99357.30105106626,0.0
2024-03-26 15:38:00.000000,99357.30105106626,99357.30105106626,0.0
2024-03-26 15:38:00.000000,99357.30105106626,99357.30105106626,0.0
2024-03-26 15:38:00.000000,99357.30105106626,99357.30105106626,0.0
2024-03-26 15:38:00.000000,99357.30105106626,99357.30105106626,0.0
2024-03-26 15:38:00.000000,99357.30105106626,99357.30105106626,0.0
2024-03-26 15:38:00.000000,99357.30105106626,99357.30105106626,0.0
2024-03-26 15:39:00.000000,99357.30105106626,99357.30105106626,0.0
2024-03-26 15:39:00.000000,99357.30105106626,99357.30105106626,0.0
2024-03-26 15:39:00.000000,99357.30105106626,99357.30105106626,0.0
2024-03-26 15:39:00.000000,99357.30105106626,99357.30105106626,0.0
2024-03-26 15:39:00.000000,99357.30105106626,99357.30105106626,0.0
2024-03-26 15:39:00.000000,99357.30105106626,99357.30105106626,0.0
2024-03-26 15:40:00.000000,99357.30105106626,99357.30105106626,0.0
2024-03-26 15:40:00.000000,99357.30105106626,99357.30105106626,0.0
2024-03-26 15:40:00.000000,99357.30105106626,99357.30105106626,0.0
2024-03-26 15:40:00.000000,99357.30105106626,99357.30105106626,0.0
2024-03-26 15:40:00.000000,99357.30105106626,99357.30105106626,0.0
2024-03-26 15:40:00.000000,99357.30105106626,99357.30105106626,0.0
2024-03-26 15:41:00.000000,99357.30105106626,99357.30105106626,0.0
2024-03-26 15:41:00.000000,99357.30105106626,99357.30105106626,0.0
2024-03-26 15:41:00.000000,99357.30105106626,99357.30105106626,0.0
2024-03-26 15:41:00.000000,99357.30105106626,99357.30105106626,0.0
2024-03-26 15:41:00.000000,99337.48440769626,89434.11440769627,9903.369999999995
2024-03-26 15:41:00.000000,99337.48440769626,89434.11440769627,9903.369999999995
2024-03-26 15:42:00.000000,99337.10440769627,89434.11440769627,9902.990000000005
2024-03-26 15:42:00.000000,99337.10440769627,89434.11440769627,9902.990000000005
2024-03-26 15:42:00.000000,99337.10440769627,89434.11440769627,9902.990000000005
2024-03-26 15:42:00.000000,99337.10440769627,89434.11440769627,9902.990000000005
2024-03-26 15:42:00.000000,99337.10440769627,89434.11440769627,9902.990000000005
2024-03-26 15:42:00.000000,99337.10440769627,89434.11440769627,9902.990000000005
2024-03-26 15:43:00.000000,99335.96440769627,89434.11440769627,9901.850000000006
2024-03-26 15:43:00.000000,99335.96440769627,89434.11440769627,9901.850000000006
2024-03-26 15:43:00.000000,99335.96440769627,89434.11440769627,9901.850000000006
2024-03-26 15:43:00.000000,99335.96440769627,89434.11440769627,9901.850000000006
2024-03-26 15:43:00.000000,99316.17060954626,99316.17060954626,0.0
2024-03-26 15:43:00.000000,99316.17060954626,99316.17060954626,0.0
2024-03-26 15:44:00.000000,99316.17060954626,99316.17060954626,0.0
2024-03-26 15:44:00.000000,99316.17060954626,99316.17060954626,0.0
2024-03-26 15:44:00.000000,99316.17060954626,99316.17060954626,0.0
2024-03-26 15:44:00.000000,99316.17060954626,99316.17060954626,0.0
2024-03-26 15:44:00.000000,99316.17060954626,99316.17060954626,0.0
2024-03-26 15:44:00.000000,99316.17060954626,99316.17060954626,0.0
2024-03-26 15:45:00.000000,99316.17060954626,99316.17060954626,0.0
2024-03-26 15:45:00.000000,99316.17060954626,99316.17060954626,0.0
2024-03-26 15:45:00.000000,99316.17060954626,99316.17060954626,0.0
2024-03-26 15:45:00.000000,99316.17060954626,99316.17060954626,0.0
2024-03-26 15:45:00.000000,99316.17060954626,99316.17060954626,0.0
2024-03-26 15:45:00.000000,99316.17060954626,99316.17060954626,0.0
2024-03-26 15:46:00.000000,99316.17060954626,99316.17060954626,0.0
2024-03-26 15:46:00.000000,99316.17060954626,99316.17060954626,0.0
2024-03-26 15:46:00.000000,99316.17060954626,99316.17060954626,0.0
2024-03-26 15:46:00.000000,99316.17060954626,99316.17060954626,0.0
2024-03-26 15:46:00.000000,99316.17060954626,99316.17060954626,0.0
2024-03-26 15:46:00.000000,99316.17060954626,99316.17060954626,0.0
2024-03-26 15:47:00.000000,99316.17060954626,99316.17060954626,0.0
2024-03-26 15:47:00.000000,99316.17060954626,99316.17060954626,0.0
2024-03-26 15:47:00.000000,99316.17060954626,99316.17060954626,0.0
2024-03-26 15:47:00.000000,99316.17060954626,99316.17060954626,0.0
2024-03-26 15:47:00.000000,99316.17060954626,99316.17060954626,0.0
2024-03-26 15:47:00.000000,99316.17060954626,99316.17060954626,0.0
2024-03-26 15:48:00.000000,99316.17060954626,99316.17060954626,0.0
2024-03-26 15:48:00.000000,99316.17060954626,99316.17060954626,0.0
2024-03-26 15:48:00.000000,99316.17060954626,99316.17060954626,0.0
2024-03-26 15:48:00.000000,99316.17060954626,99316.17060954626,0.0
2024-03-26 15:48:00.000000,99316.17060954626,99316.17060954626,0.0
2024-03-26 15:48:00.000000,99316.17060954626,99316.17060954626,0.0
2024-03-26 15:49:00.000000,99316.17060954626,99316.17060954626,0.0
2024-03-26 15:49:00.000000,99316.17060954626,99316.17060954626,0.0
2024-03-26 15:49:00.000000,99316.17060954626,99316.17060954626,0.0
2024-03-26 15:49:00.000000,99316.17060954626,99316.17060954626,0.0
2024-03-26 15:49:00.000000,99316.17060954626,99316.17060954626,0.0
2024-03-26 15:49:00.000000,99316.17060954626,99316.17060954626,0.0
2024-03-26 15:50:00.000000,99316.17060954626,99316.17060954626,0.0
2024-03-26 15:50:00.000000,99296.35206522627,89392.03206522626,9904.320000000007
2024-03-26 15:50:00.000000,99296.35206522627,89392.03206522626,9904.320000000007
2024-03-26 15:50:00.000000,99296.35206522627,89392.03206522626,9904.320000000007
2024-03-26 15:50:00.000000,99296.35206522627,89392.03206522626,9904.320000000007
2024-03-26 15:50:00.000000,99296.35206522627,89392.03206522626,9904.320000000007
2024-03-26 15:51:00.000000,99297.87396522626,89392.03206522626,9905.8419
2024-03-26 15:51:00.000000,99297.87396522626,89392.03206522626,9905.8419
2024-03-26 15:51:00.000000,99297.87396522626,89392.03206522626,9905.8419
2024-03-26 15:51:00.000000,99297.87396522626,89392.03206522626,9905.8419
2024-03-26 15:51:00.000000,99297.87396522626,89392.03206522626,9905.8419
2024-03-26 15:51:00.000000,99297.87396522626,89392.03206522626,9905.8419
2024-03-26 15:52:00.000000,99298.25206522626,89392.03206522626,9906.220000000001
2024-03-26 15:52:00.000000,99298.25206522626,89392.03206522626,9906.220000000001
2024-03-26 15:52:00.000000,99298.25206522626,89392.03206522626,9906.220000000001
2024-03-26 15:52:00.000000,99298.25206522626,89392.03206522626,9906.220000000001
2024-03-26 15:52:00.000000,99298.25206522626,89392.03206522626,9906.220000000001
2024-03-26 15:52:00.000000,99298.25206522626,89392.03206522626,9906.220000000001
2024-03-26 15:53:00.000000,99297.49206522627,89392.03206522626,9905.460000000006
2024-03-26 15:53:00.000000,99297.49206522627,89392.03206522626,9905.460000000006
2024-03-26 15:53:00.000000,99297.49206522627,89392.03206522626,9905.460000000006
2024-03-26 15:53:00.000000,99297.49206522627,89392.03206522626,9905.460000000006
2024-03-26 15:53:00.000000,99297.49206522627,89392.03206522626,9905.460000000006
2024-03-26 15:53:00.000000,99297.49206522627,89392.03206522626,9905.460000000006
2024-03-26 15:54:00.000000,99298.63206522627,89392.03206522626,9906.600000000006
2024-03-26 15:54:00.000000,99298.63206522627,89392.03206522626,9906.600000000006
2024-03-26 15:54:00.000000,99298.63206522627,89392.03206522626,9906.600000000006
2024-03-26 15:54:00.000000,99298.63206522627,89392.03206522626,9906.600000000006
2024-03-26 15:54:00.000000,99298.63206522627,89392.03206522626,9906.600000000006
2024-03-26 15:54:00.000000,99298.63206522627,89392.03206522626,9906.600000000006
2024-03-26 15:55:00.000000,99298.44206522626,89392.03206522626,9906.410000000003
2024-03-26 15:55:00.000000,99298.44206522626,89392.03206522626,9906.410000000003
2024-03-26 15:55:00.000000,99298.44206522626,89392.03206522626,9906.410000000003
2024-03-26 15:55:00.000000,99298.44206522626,89392.03206522626,9906.410000000003
2024-03-26 15:55:00.000000,99298.44206522626,89392.03206522626,9906.410000000003
2024-03-26 15:55:00.000000,99298.44206522626,89392.03206522626,9906.410000000003
2024-03-26 15:56:00.000000,99298.72706522627,89392.03206522626,9906.695000000007
2024-03-26 15:56:00.000000,99298.72706522627,89392.03206522626,9906.695000000007
2024-03-26 15:56:00.000000,99298.72706522627,89392.03206522626,9906.695000000007
2024-03-26 15:56:00.000000,99298.72706522627,89392.03206522626,9906.695000000007
2024-03-26 15:56:00.000000,99298.72706522627,89392.03206522626,9906.695000000007
2024-03-26 15:56:00.000000,99298.72706522627,89392.03206522626,9906.695000000007
2024-03-26 15:57:00.000000,99297.77706522626,89392.03206522626,9905.744999999995
2024-03-26 15:57:00.000000,99297.77706522626,89392.03206522626,9905.744999999995
2024-03-26 15:57:00.000000,99297.77706522626,89392.03206522626,9905.744999999995
2024-03-26 15:57:00.000000,99297.77706522626,89392.03206522626,9905.744999999995
2024-03-26 15:57:00.000000,99277.97548097126,99277.97548097126,0.0
2024-03-26 15:57:00.000000,99277.97548097126,99277.97548097126,0.0
2024-03-26 15:58:00.000000,99277.97548097126,99277.97548097126,0.0
2024-03-26 15:58:00.000000,99277.97548097126,99277.97548097126,0.0
2024-03-26 15:58:00.000000,99277.97548097126,99277.97548097126,0.0
2024-03-26 15:58:00.000000,99277.97548097126,99277.97548097126,0.0
2024-03-26 15:58:00.000000,99277.97548097126,99277.97548097126,0.0
2024-03-26 15:58:00.000000,99277.97548097126,99277.97548097126,0.0
2024-03-26 15:59:00.000000,99277.97548097126,99277.97548097126,0.0
2024-03-26 15:59:00.000000,99258.15249223018,89351.61139223017,9906.541100000002
2024-03-26 15:59:00.000000,99258.15249223018,89351.61139223017,9906.541100000002
2024-03-26 15:59:00.000000,99258.15249223018,89351.61139223017,9906.541100000002
2024-03-26 15:59:00.000000,99258.15249223018,89351.61139223017,9906.541100000002
2024-03-26 15:59:00.000000,99258.15249223018,89351.61139223017,9906.541100000002
2024-03-26 16:00:00.000000,99258.59139223017,89351.61139223017,9906.979999999996
2024-03-26 16:00:00.000000,99258.59139223017,89351.61139223017,9906.979999999996
2024-03-26 16:00:00.000000,99258.59139223017,89351.61139223017,9906.979999999996
2024-03-26 16:00:00.000000,99258.59139223017,89351.61139223017,9906.979999999996
2024-03-26 16:00:00.000000,99258.59139223017,89351.61139223017,9906.979999999996
2024-03-26 16:00:00.000000,99258.59139223017,89351.61139223017,9906.979999999996
2024-03-26 16:01:00.000000,99257.83139223017,89351.61139223017,9906.220000000001
2024-03-26 16:01:00.000000,99257.83139223017,89351.61139223017,9906.220000000001
2024-03-26 16:01:00.000000,99257.83139223017,89351.61139223017,9906.220000000001
2024-03-26 16:01:00.000000,99257.83139223017,89351.61139223017,9906.220000000001
2024-03-26 16:01:00.000000,99257.83139223017,89351.61139223017,9906.220000000001
2024-03-26 16:01:00.000000,99257.83139223017,89351.61139223017,9906.220000000001
2024-03-26 16:02:00.000000,99256.49949223017,89351.61139223017,9904.888099999996
2024-03-26 16:02:00.000000,99236.69962091827,99236.69962091827,0.0
2024-03-26 16:02:00.000000,99236.69962091827,99236.69962091827,0.0
2024-03-26 16:02:00.000000,99236.69962091827,99236.69962091827,0.0
2024-03-26 16:02:00.000000,99236.69962091827,99236.69962091827,0.0
2024-03-26 16:02:00.000000,99236.69962091827,99236.69962091827,0.0
2024-03-26 16:03:00.000000,99236.69962091827,99236.69962091827,0.0
2024-03-26 16:03:00.000000,99236.69962091827,99236.69962091827,0.0
2024-03-26 16:03:00.000000,99236.69962091827,99236.69962091827,0.0
2024-03-26 16:03:00.000000,99236.69962091827,99236.69962091827,0.0
2024-03-26 16:03:00.000000,99236.69962091827,99236.69962091827,0.0
2024-03-26 16:03:00.000000,99236.69962091827,99236.69962091827,0.0
2024-03-26 16:04:00.000000,99236.69962091827,99236.69962091827,0.0
2024-03-26 16:04:00.000000,99236.69962091827,99236.69962091827,0.0
2024-03-26 16:04:00.000000,99236.69962091827,99236.69962091827,0.0
2024-03-26 16:04:00.000000,99236.69962091827,99236.69962091827,0.0
2024-03-26 16:04:00.000000,99236.69962091827,99236.69962091827,0.0
2024-03-26 16:04:00.000000,99236.69962091827,99236.69962091827,0.0
2024-03-26 16:05:00.000000,99236.69962091827,99236.69962091827,0.0
2024-03-26 16:05:00.000000,99236.69962091827,99236.69962091827,0.0
2024-03-26 16:05:00.000000,99236.69962091827,99236.69962091827,0.0
2024-03-26 16:05:00.000000,99236.69962091827,99236.69962091827,0.0
2024-03-26 16:05:00.000000,99236.69962091827,99236.69962091827,0.0
2024-03-26 16:05:00.000000,99236.69962091827,99236.69962091827,0.0
2024-03-26 16:06:00.000000,99236.69962091827,99236.69962091827,0.0
2024-03-26 16:06:00.000000,99236.69962091827,99236.69962091827,0.0
2024-03-26 16:06:00.000000,99236.69962091827,99236.69962091827,0.0
2024-03-26 16:06:00.000000,99236.69962091827,99236.69962091827,0.0
2024-03-26 16:06:00.000000,99236.69962091827,99236.69962091827,0.0
2024-03-26 16:06:00.000000,99236.69962091827,99236.69962091827,0.0
2024-03-26 16:07:00.000000,99236.69962091827,99236.69962091827,0.0
2024-03-26 16:07:00.000000,99236.69962091827,99236.69962091827,0.0
2024-03-26 16:07:00.000000,99236.69962091827,99236.69962091827,0.0
2024-03-26 16:07:00.000000,99236.69962091827,99236.69962091827,0.0
2024-03-26 16:07:00.000000,99236.69962091827,99236.69962091827,0.0
2024-03-26 16:07:00.000000,99236.69962091827,99236.69962091827,0.0
2024-03-26 16:08:00.000000,99236.69962091827,99236.69962091827,0.0
2024-03-26 16:08:00.000000,99216.88379495678,89313.92229495678,9902.961500000005
2024-03-26 16:08:00.000000,99216.88379495678,89313.92229495678,9902.961500000005
2024-03-26 16:08:00.000000,99216.88379495678,89313.92229495678,9902.961500000005
2024-03-26 16:08:00.000000,99216.88379495678,89313.92229495678,9902.961500000005
2024-03-26 16:08:00.000000,99216.88379495678,89313.92229495678,9902.961500000005
2024-03-26 16:09:00.000000,99216.62729495678,89313.92229495678,9902.705000000002
2024-03-26 16:09:00.000000,99196.83178766178,99196.83178766178,0.0
2024-03-26 16:09:00.000000,99196.83178766178,99196.83178766178,0.0
2024-03-26 16:09:00.000000,99196.83178766178,99196.83178766178,0.0
2024-03-26 16:09:00.000000,99196.83178766178,99196.83178766178,0.0
2024-03-26 16:09:00.000000,99196.83178766178,99196.83178766178,0.0
2024-03-26 16:10:00.000000,99196.83178766178,99196.83178766178,0.0
2024-03-26 16:10:00.000000,99196.83178766178,99196.83178766178,0.0
2024-03-26 16:10:00.000000,99196.83178766178,99196.83178766178,0.0
2024-03-26 16:10:00.000000,99196.83178766178,99196.83178766178,0.0
2024-03-26 16:10:00.000000,99196.83178766178,99196.83178766178,0.0
2024-03-26 16:10:00.000000,99196.83178766178,99196.83178766178,0.0
2024-03-26 16:11:00.000000,99196.83178766178,99196.83178766178,0.0
2024-03-26 16:11:00.000000,99196.83178766178,99196.83178766178,0.0
2024-03-26 16:11:00.000000,99196.83178766178,99196.83178766178,0.0
2024-03-26 16:11:00.000000,99196.83178766178,99196.83178766178,0.0
2024-03-26 16:11:00.000000,99177.01514429178,89273.64514429179,9903.369999999995
2024-03-26 16:11:00.000000,99177.01514429178,89273.64514429179,9903.369999999995
2024-03-26 16:12:00.000000,99176.06514429179,89273.64514429179,9902.419999999998
2024-03-26 16:12:00.000000,99176.06514429179,89273.64514429179,9902.419999999998
2024-03-26 16:12:00.000000,99176.06514429179,89273.64514429179,9902.419999999998
2024-03-26 16:12:00.000000,99176.06514429179,89273.64514429179,9902.419999999998
2024-03-26 16:12:00.000000,99156.2702067118,99156.2702067118,0.0
2024-03-26 16:12:00.000000,99156.2702067118,99156.2702067118,0.0
2024-03-26 16:13:00.000000,99156.2702067118,99156.2702067118,0.0
2024-03-26 16:13:00.000000,99156.2702067118,99156.2702067118,0.0
2024-03-26 16:13:00.000000,99156.2702067118,99156.2702067118,0.0
2024-03-26 16:13:00.000000,99156.2702067118,99156.2702067118,0.0
2024-03-26 16:13:00.000000,99156.2702067118,99156.2702067118,0.0
2024-03-26 16:13:00.000000,99156.2702067118,99156.2702067118,0.0
2024-03-26 16:14:00.000000,99156.2702067118,99156.2702067118,0.0
2024-03-26 16:14:00.000000,99156.2702067118,99156.2702067118,0.0
2024-03-26 16:14:00.000000,99156.2702067118,99156.2702067118,0.0
2024-03-26 16:14:00.000000,99156.2702067118,99156.2702067118,0.0
2024-03-26 16:14:00.000000,99156.2702067118,99156.2702067118,0.0
2024-03-26 16:14:00.000000,99156.2702067118,99156.2702067118,0.0
2024-03-26 16:15:00.000000,99156.2702067118,99156.2702067118,0.0
2024-03-26 16:15:00.000000,99156.2702067118,99156.2702067118,0.0
2024-03-26 16:15:00.000000,99156.2702067118,99156.2702067118,0.0
2024-03-26 16:15:00.000000,99156.2702067118,99156.2702067118,0.0
2024-03-26 16:15:00.000000,99156.2702067118,99156.2702067118,0.0
2024-03-26 16:15:00.000000,99156.2702067118,99156.2702067118,0.0
2024-03-26 16:16:00.000000,99156.2702067118,99156.2702067118,0.0
2024-03-26 16:16:00.000000,99156.2702067118,99156.2702067118,0.0
2024-03-26 16:16:00.000000,99156.2702067118,99156.2702067118,0.0
2024-03-26 16:16:00.000000,99156.2702067118,99156.2702067118,0.0
2024-03-26 16:16:00.000000,99156.2702067118,99156.2702067118,0.0
2024-03-26 16:16:00.000000,99156.2702067118,99156.2702067118,0.0
2024-03-26 16:17:00.000000,99156.2702067118,99156.2702067118,0.0
2024-03-26 16:17:00.000000,99156.2702067118,99156.2702067118,0.0
2024-03-26 16:17:00.000000,99156.2702067118,99156.2702067118,0.0
2024-03-26 16:17:00.000000,99156.2702067118,99156.2702067118,0.0
2024-03-26 16:17:00.000000,99156.2702067118,99156.2702067118,0.0
2024-03-26 16:17:00.000000,99156.2702067118,99156.2702067118,0.0
2024-03-26 16:18:00.000000,99156.2702067118,99156.2702067118,0.0
2024-03-26 16:18:00.000000,99136.45432372179,89233.46432372178,9902.990000000005
2024-03-26 16:18:00.000000,99136.45432372179,89233.46432372178,9902.990000000005
2024-03-26 16:18:00.000000,99136.45432372179,89233.46432372178,9902.990000000005
2024-03-26 16:18:00.000000,99136.45432372179,89233.46432372178,9902.990000000005
2024-03-26 16:18:00.000000,99136.45432372179,89233.46432372178,9902.990000000005
2024-03-26 16:19:00.000000,99134.64932372178,89233.46432372178,9901.184999999998
2024-03-26 16:19:00.000000,99134.64932372178,89233.46432372178,9901.184999999998
2024-03-26 16:19:00.000000,99134.64932372178,89233.46432372178,9901.184999999998
2024-03-26 16:19:00.000000,99134.64932372178,89233.46432372178,9901.184999999998
2024-03-26 16:19:00.000000,99134.64932372178,89233.46432372178,9901.184999999998
2024-03-26 16:19:00.000000,99134.64932372178,89233.46432372178,9901.184999999998
2024-03-26 16:20:00.000000,99132.46432372178,89233.46432372178,9899.0
2024-03-26 16:20:00.000000,99112.67622272178,99112.67622272178,0.0
2024-03-26 16:20:00.000000,99112.67622272178,99112.67622272178,0.0
2024-03-26 16:20:00.000000,99112.67622272178,99112.67622272178,0.0
2024-03-26 16:20:00.000000,99112.67622272178,99112.67622272178,0.0
2024-03-26 16:20:00.000000,99112.67622272178,99112.67622272178,0.0
2024-03-26 16:21:00.000000,99112.67622272178,99112.67622272178,0.0
2024-03-26 16:21:00.000000,99112.67622272178,99112.67622272178,0.0
2024-03-26 16:21:00.000000,99112.67622272178,99112.67622272178,0.0
2024-03-26 16:21:00.000000,99112.67622272178,99112.67622272178,0.0
2024-03-26 16:21:00.000000,99112.67622272178,99112.67622272178,0.0
2024-03-26 16:21:00.000000,99112.67622272178,99112.67622272178,0.0
2024-03-26 16:22:00.000000,99112.67622272178,99112.67622272178,0.0
2024-03-26 16:22:00.000000,99112.67622272178,99112.67622272178,0.0
2024-03-26 16:22:00.000000,99112.67622272178,99112.67622272178,0.0
2024-03-26 16:22:00.000000,99112.67622272178,99112.67622272178,0.0
2024-03-26 16:22:00.000000,99112.67622272178,99112.67622272178,0.0
2024-03-26 16:22:00.000000,99112.67622272178,99112.67622272178,0.0
2024-03-26 16:23:00.000000,99112.67622272178,99112.67622272178,0.0
2024-03-26 16:23:00.000000,99112.67622272178,99112.67622272178,0.0
2024-03-26 16:23:00.000000,99112.67622272178,99112.67622272178,0.0
2024-03-26 16:23:00.000000,99112.67622272178,99112.67622272178,0.0
2024-03-26 16:23:00.000000,99112.67622272178,99112.67622272178,0.0
2024-03-26 16:23:00.000000,99112.67622272178,99112.67622272178,0.0
2024-03-26 16:24:00.000000,99112.67622272178,99112.67622272178,0.0
2024-03-26 16:24:00.000000,99092.8675633418,89193.4875633418,9899.380000000005
2024-03-26 16:24:00.000000,99092.8675633418,89193.4875633418,9899.380000000005
2024-03-26 16:24:00.000000,99092.8675633418,89193.4875633418,9899.380000000005
2024-03-26 16:24:00.000000,99092.8675633418,89193.4875633418,9899.380000000005
2024-03-26 16:24:00.000000,99092.8675633418,89193.4875633418,9899.380000000005
2024-03-26 16:25:00.000000,99091.7275633418,89193.4875633418,9898.240000000005
2024-03-26 16:25:00.000000,99091.7275633418,89193.4875633418,9898.240000000005
2024-03-26 16:25:00.000000,99091.7275633418,89193.4875633418,9898.240000000005
2024-03-26 16:25:00.000000,99091.7275633418,89193.4875633418,9898.240000000005
2024-03-26 16:25:00.000000,99071.94098158179,99071.94098158179,0.0
2024-03-26 16:25:00.000000,99071.94098158179,99071.94098158179,0.0
2024-03-26 16:26:00.000000,99071.94098158179,99071.94098158179,0.0
2024-03-26 16:26:00.000000,99071.94098158179,99071.94098158179,0.0
2024-03-26 16:26:00.000000,99071.94098158179,99071.94098158179,0.0
2024-03-26 16:26:00.000000,99071.94098158179,99071.94098158179,0.0
2024-03-26 16:26:00.000000,99071.94098158179,99071.94098158179,0.0
2024-03-26 16:26:00.000000,99071.94098158179,99071.94098158179,0.0
2024-03-26 16:27:00.000000,99071.94098158179,99071.94098158179,0.0
2024-03-26 16:27:00.000000,99071.94098158179,99071.94098158179,0.0
2024-03-26 16:27:00.000000,99071.94098158179,99071.94098158179,0.0
2024-03-26 16:27:00.000000,99071.94098158179,99071.94098158179,0.0
2024-03-26 16:27:00.000000,99071.94098158179,99071.94098158179,0.0
2024-03-26 16:27:00.000000,99071.94098158179,99071.94098158179,0.0
2024-03-26 16:28:00.000000,99071.94098158179,99071.94098158179,0.0
2024-03-26 16:28:00.000000,99052.1289042937,89151.0408042937,9901.088099999994
2024-03-26 16:28:00.000000,99052.1289042937,89151.0408042937,9901.088099999994
2024-03-26 16:28:00.000000,99052.1289042937,89151.0408042937,9901.088099999994
2024-03-26 16:28:00.000000,99052.1289042937,89151.0408042937,9901.088099999994
2024-03-26 16:28:00.000000,99052.1289042937,89151.0408042937,9901.088099999994
2024-03-26 16:29:00.000000,99052.70080429371,89151.0408042937,9901.660000000003
2024-03-26 16:29:00.000000,99052.70080429371,89151.0408042937,9901.660000000003
2024-03-26 16:29:00.000000,99052.70080429371,89151.0408042937,9901.660000000003
2024-03-26 16:29:00.000000,99052.70080429371,89151.0408042937,9901.660000000003
2024-03-26 16:29:00.000000,99052.70080429371,89151.0408042937,9901.660000000003
2024-03-26 16:29:00.000000,99052.70080429371,89151.0408042937,9901.660000000003
2024-03-26 16:30:00.000000,99051.75080429371,89151.0408042937,9900.710000000006
2024-03-26 16:30:00.000000,99051.75080429371,89151.0408042937,9900.710000000006
2024-03-26 16:30:00.000000,99051.75080429371,89151.0408042937,9900.710000000006
2024-03-26 16:30:00.000000,99051.75080429371,89151.0408042937,9900.710000000006
2024-03-26 16:30:00.000000,99051.75080429371,89151.0408042937,9900.710000000006
2024-03-26 16:30:00.000000,99051.75080429371,89151.0408042937,9900.710000000006
2024-03-26 16:31:00.000000,99051.5209042937,89151.0408042937,9900.4801
2024-03-26 16:31:00.000000,99051.5209042937,89151.0408042937,9900.4801
2024-03-26 16:31:00.000000,99051.5209042937,89151.0408042937,9900.4801
2024-03-26 16:31:00.000000,99051.5209042937,89151.0408042937,9900.4801
2024-03-26 16:31:00.000000,99051.5209042937,89151.0408042937,9900.4801
2024-03-26 16:31:00.000000,99051.5209042937,89151.0408042937,9900.4801
2024-03-26 16:32:00.000000,99050.23080429371,89151.0408042937,9899.190000000002
2024-03-26 16:32:00.000000,99030.44232348372,99030.44232348372,0.0
2024-03-26 16:32:00.000000,99030.44232348372,99030.44232348372,0.0
2024-03-26 16:32:00.000000,99030.44232348372,99030.44232348372,0.0
2024-03-26 16:32:00.000000,99030.44232348372,99030.44232348372,0.0
2024-03-26 16:32:00.000000,99030.44232348372,99030.44232348372,0.0
2024-03-26 16:33:00.000000,99030.44232348372,99030.44232348372,0.0
2024-03-26 16:33:00.000000,99030.44232348372,99030.44232348372,0.0
2024-03-26 16:33:00.000000,99030.44232348372,99030.44232348372,0.0
2024-03-26 16:33:00.000000,99030.44232348372,99030.44232348372,0.0
2024-03-26 16:33:00.000000,99030.44232348372,99030.44232348372,0.0
2024-03-26 16:33:00.000000,99030.44232348372,99030.44232348372,0.0
2024-03-26 16:34:00.000000,99030.44232348372,99030.44232348372,0.0
2024-03-26 16:34:00.000000,99030.44232348372,99030.44232348372,0.0
2024-03-26 16:34:00.000000,99030.44232348372,99030.44232348372,0.0
2024-03-26 16:34:00.000000,99030.44232348372,99030.44232348372,0.0
2024-03-26 16:34:00.000000,99030.44232348372,99030.44232348372,0.0
2024-03-26 16:34:00.000000,99030.44232348372,99030.44232348372,0.0
2024-03-26 16:35:00.000000,99030.44232348372,99030.44232348372,0.0
2024-03-26 16:35:00.000000,99030.44232348372,99030.44232348372,0.0
2024-03-26 16:35:00.000000,99030.44232348372,99030.44232348372,0.0
2024-03-26 16:35:00.000000,99030.44232348372,99030.44232348372,0.0
2024-03-26 16:35:00.000000,99030.44232348372,99030.44232348372,0.0
2024-03-26 16:35:00.000000,99030.44232348372,99030.44232348372,0.0
2024-03-26 16:36:00.000000,99030.44232348372,99030.44232348372,0.0
2024-03-26 16:36:00.000000,99010.63480467371,89111.82480467371,9898.809999999998
2024-03-26 16:36:00.000000,99010.63480467371,89111.82480467371,9898.809999999998
2024-03-26 16:36:00.000000,99010.63480467371,89111.82480467371,9898.809999999998
2024-03-26 16:36:00.000000,99010.63480467371,89111.82480467371,9898.809999999998
2024-03-26 16:36:00.000000,99010.63480467371,89111.82480467371,9898.809999999998
2024-03-26 16:37:00.000000,99010.44480467371,89111.82480467371,9898.619999999995
2024-03-26 16:37:00.000000,98990.65746329371,98990.65746329371,0.0
2024-03-26 16:37:00.000000,98990.65746329371,98990.65746329371,0.0
2024-03-26 16:37:00.000000,98990.65746329371,98990.65746329371,0.0
2024-03-26 16:37:00.000000,98990.65746329371,98990.65746329371,0.0
2024-03-26 16:37:00.000000,98990.65746329371,98990.65746329371,0.0
2024-03-26 16:38:00.000000,98990.65746329371,98990.65746329371,0.0
2024-03-26 16:38:00.000000,98990.65746329371,98990.65746329371,0.0
2024-03-26 16:38:00.000000,98990.65746329371,98990.65746329371,0.0
2024-03-26 16:38:00.000000,98990.65746329371,98990.65746329371,0.0
2024-03-26 16:38:00.000000,98990.65746329371,98990.65746329371,0.0
2024-03-26 16:38:00.000000,98990.65746329371,98990.65746329371,0.0
2024-03-26 16:39:00.000000,98990.65746329371,98990.65746329371,0.0
2024-03-26 16:39:00.000000,98990.65746329371,98990.65746329371,0.0
2024-03-26 16:39:00.000000,98990.65746329371,98990.65746329371,0.0
2024-03-26 16:39:00.000000,98990.65746329371,98990.65746329371,0.0
2024-03-26 16:39:00.000000,98990.65746329371,98990.65746329371,0.0
2024-03-26 16:39:00.000000,98990.65746329371,98990.65746329371,0.0
2024-03-26 16:40:00.000000,98990.65746329371,98990.65746329371,0.0
2024-03-26 16:40:00.000000,98990.65746329371,98990.65746329371,0.0
2024-03-26 16:40:00.000000,98990.65746329371,98990.65746329371,0.0
2024-03-26 16:40:00.000000,98990.65746329371,98990.65746329371,0.0
2024-03-26 16:40:00.000000,98990.65746329371,98990.65746329371,0.0
2024-03-26 16:40:00.000000,98990.65746329371,98990.65746329371,0.0
2024-03-26 16:41:00.000000,98990.65746329371,98990.65746329371,0.0
2024-03-26 16:41:00.000000,98990.65746329371,98990.65746329371,0.0
2024-03-26 16:41:00.000000,98990.65746329371,98990.65746329371,0.0
2024-03-26 16:41:00.000000,98990.65746329371,98990.65746329371,0.0
2024-03-26 16:41:00.000000,98990.65746329371,98990.65746329371,0.0
2024-03-26 16:41:00.000000,98990.65746329371,98990.65746329371,0.0
2024-03-26 16:42:00.000000,98990.65746329371,98990.65746329371,0.0
2024-03-26 16:42:00.000000,98990.65746329371,98990.65746329371,0.0
2024-03-26 16:42:00.000000,98990.65746329371,98990.65746329371,0.0
2024-03-26 16:42:00.000000,98990.65746329371,98990.65746329371,0.0
2024-03-26 16:42:00.000000,98970.85070486373,89072.42070486372,9898.430000000008
2024-03-26 16:42:00.000000,98970.85070486373,89072.42070486372,9898.430000000008
2024-03-26 16:43:00.000000,98970.47070486372,89072.42070486372,9898.050000000003
2024-03-26 16:43:00.000000,98970.47070486372,89072.42070486372,9898.050000000003
2024-03-26 16:43:00.000000,98970.47070486372,89072.42070486372,9898.050000000003
2024-03-26 16:43:00.000000,98970.47070486372,89072.42070486372,9898.050000000003
2024-03-26 16:43:00.000000,98970.47070486372,89072.42070486372,9898.050000000003
2024-03-26 16:43:00.000000,98970.47070486372,89072.42070486372,9898.050000000003
2024-03-26 16:44:00.000000,98969.90070486371,89072.42070486372,9897.479999999996
2024-03-26 16:44:00.000000,98950.11564234372,98950.11564234372,0.0
2024-03-26 16:44:00.000000,98950.11564234372,98950.11564234372,0.0
2024-03-26 16:44:00.000000,98950.11564234372,98950.11564234372,0.0
2024-03-26 16:44:00.000000,98950.11564234372,98950.11564234372,0.0
2024-03-26 16:44:00.000000,98950.11564234372,98950.11564234372,0.0
2024-03-26 16:45:00.000000,98950.11564234372,98950.11564234372,0.0
2024-03-26 16:45:00.000000,98950.11564234372,98950.11564234372,0.0
2024-03-26 16:45:00.000000,98950.11564234372,98950.11564234372,0.0
2024-03-26 16:45:00.000000,98950.11564234372,98950.11564234372,0.0
2024-03-26 16:45:00.000000,98950.11564234372,98950.11564234372,0.0
2024-03-26 16:45:00.000000,98950.11564234372,98950.11564234372,0.0
2024-03-26 16:46:00.000000,98950.11564234372,98950.11564234372,0.0
2024-03-26 16:46:00.000000,98950.11564234372,98950.11564234372,0.0
2024-03-26 16:46:00.000000,98950.11564234372,98950.11564234372,0.0
2024-03-26 16:46:00.000000,98950.11564234372,98950.11564234372,0.0
2024-03-26 16:46:00.000000,98950.11564234372,98950.11564234372,0.0
2024-03-26 16:46:00.000000,98950.11564234372,98950.11564234372,0.0
2024-03-26 16:47:00.000000,98950.11564234372,98950.11564234372,0.0
2024-03-26 16:47:00.000000,98931.35170506372,89554.07170506372,9377.279999999999
2024-03-26 16:47:00.000000,98931.35170506372,89554.07170506372,9377.279999999999
2024-03-26 16:47:00.000000,98931.35170506372,89554.07170506372,9377.279999999999
2024-03-26 16:47:00.000000,98931.35170506372,89554.07170506372,9377.279999999999
2024-03-26 16:47:00.000000,98931.35170506372,89554.07170506372,9377.279999999999
2024-03-26 16:48:00.000000,98932.79170506372,89554.07170506372,9378.720000000001
2024-03-26 16:48:00.000000,98932.79170506372,89554.07170506372,9378.720000000001
2024-03-26 16:48:00.000000,98932.79170506372,89554.07170506372,9378.720000000001
2024-03-26 16:48:00.000000,98932.79170506372,89554.07170506372,9378.720000000001
2024-03-26 16:48:00.000000,98932.79170506372,89554.07170506372,9378.720000000001
2024-03-26 16:48:00.000000,98932.79170506372,89554.07170506372,9378.720000000001
